512.000000 4.000000 2.000000 0.000000 256.000000 8.000000 2.000000 0.000000 4.000000 0.000000 0.000000 0.000000 0.000000 0.000000 0.000000 0.000000 
1
4
512.000000 4.000000 4.000000 0.000000 256.000000 8.000000 0.000000 0.000000 4.000000 0.000000 0.000000 0.000000 0.000000 2.000000 0.000000 0.000000 
512.000000 4.000000 4.000000 0.000000 256.000000 8.000000 0.000000 0.000000 4.000000 0.000000 0.000000 0.000000 0.000000 2.000000 0.000000 0.000000 
3
8
512.000000 8.000000 0.000000 0.000000 256.000000 8.000000 0.000000 2.000000 4.000000 0.000000 0.000000 0.000000 2.000000 0.000000 0.000000 0.000000 
512.000000 8.000000 0.000000 0.000000 256.000000 8.000000 0.000000 2.000000 4.000000 0.000000 0.000000 0.000000 2.000000 0.000000 0.000000 0.000000 
1
16
512.000000 16.000000 2.000000 2.000000 256.000000 0.000000 0.000000 0.000000 4.000000 0.000000 0.000000 0.000000 2.000000 0.000000 0.000000 0.000000 
512.000000 16.000000 2.000000 2.000000 256.000000 0.000000 0.000000 0.000000 4.000000 0.000000 0.000000 0.000000 2.000000 0.000000 0.000000 0.000000 
3
4
512.000000 16.000000 4.000000 0.000000 256.000000 0.000000 0.000000 0.000000 4.000000 2.000000 0.000000 0.000000 2.000000 0.000000 0.000000 0.000000 
512.000000 16.000000 4.000000 0.000000 256.000000 0.000000 0.000000 0.000000 4.000000 2.000000 0.000000 0.000000 2.000000 0.000000 0.000000 0.000000 
2
0
512.000000 0.000000 0.000000 0.000000 256.000000 0.000000 0.000000 0.000000 4.000000 16.000000 0.000000 0.000000 2.000000 2.000000 4.000000 2.000000 
512.000000 0.000000 0.000000 0.000000 256.000000 0.000000 0.000000 0.000000 4.000000 16.000000 0.000000 0.000000 2.000000 2.000000 4.000000 2.000000 
3
4
512.000000 2.000000 0.000000 0.000000 256.000000 0.000000 0.000000 0.000000 4.000000 16.000000 0.000000 0.000000 4.000000 4.000000 2.000000 0.000000 
512.000000 2.000000 0.000000 0.000000 256.000000 0.000000 0.000000 0.000000 4.000000 16.000000 0.000000 0.000000 4.000000 4.000000 2.000000 0.000000 
1
8
512.000000 2.000000 2.000000 0.000000 256.000000 16.000000 0.000000 0.000000 8.000000 4.000000 0.000000 0.000000 0.000000 2.000000 0.000000 0.000000 
512.000000 2.000000 2.000000 0.000000 256.000000 16.000000 0.000000 0.000000 8.000000 4.000000 0.000000 0.000000 0.000000 2.000000 0.000000 0.000000 
3
4
512.000000 4.000000 2.000000 0.000000 256.000000 16.000000 0.000000 0.000000 8.000000 4.000000 0.000000 0.000000 2.000000 0.000000 0.000000 0.000000 
512.000000 4.000000 2.000000 0.000000 256.000000 16.000000 0.000000 0.000000 8.000000 4.000000 0.000000 0.000000 2.000000 0.000000 0.000000 0.000000 
2
0
512.000000 0.000000 0.000000 0.000000 256.000000 4.000000 0.000000 0.000000 8.000000 16.000000 0.000000 0.000000 2.000000 4.000000 2.000000 2.000000 
512.000000 0.000000 0.000000 0.000000 256.000000 4.000000 0.000000 0.000000 8.000000 16.000000 0.000000 0.000000 2.000000 4.000000 2.000000 2.000000 
3
4
512.000000 4.000000 0.000000 0.000000 256.000000 4.000000 0.000000 0.000000 8.000000 16.000000 0.000000 0.000000 2.000000 4.000000 4.000000 0.000000 
512.000000 4.000000 0.000000 0.000000 256.000000 4.000000 0.000000 0.000000 8.000000 16.000000 0.000000 0.000000 2.000000 4.000000 4.000000 0.000000 
3
8
512.000000 4.000000 0.000000 0.000000 256.000000 4.000000 0.000000 0.000000 8.000000 16.000000 0.000000 0.000000 2.000000 8.000000 0.000000 2.000000 
512.000000 4.000000 0.000000 0.000000 256.000000 4.000000 0.000000 0.000000 8.000000 16.000000 0.000000 0.000000 2.000000 8.000000 0.000000 2.000000 
1
8
512.000000 8.000000 0.000000 2.000000 256.000000 16.000000 0.000000 0.000000 8.000000 8.000000 0.000000 0.000000 2.000000 2.000000 0.000000 0.000000 
512.000000 8.000000 0.000000 2.000000 256.000000 16.000000 0.000000 0.000000 8.000000 8.000000 0.000000 0.000000 2.000000 2.000000 0.000000 0.000000 
3
20
512.000000 8.000000 2.000000 0.000000 256.000000 16.000000 0.000000 0.000000 16.000000 0.000000 2.000000 0.000000 4.000000 0.000000 0.000000 0.000000 
512.000000 8.000000 2.000000 0.000000 256.000000 16.000000 0.000000 0.000000 16.000000 0.000000 2.000000 0.000000 4.000000 0.000000 0.000000 0.000000 
3
0
512.000000 8.000000 2.000000 0.000000 256.000000 16.000000 0.000000 0.000000 16.000000 2.000000 2.000000 0.000000 4.000000 0.000000 0.000000 0.000000 
512.000000 8.000000 2.000000 0.000000 256.000000 16.000000 0.000000 0.000000 16.000000 2.000000 2.000000 0.000000 4.000000 0.000000 0.000000 0.000000 
3
4
512.000000 8.000000 2.000000 2.000000 256.000000 16.000000 0.000000 0.000000 16.000000 4.000000 0.000000 0.000000 4.000000 0.000000 0.000000 0.000000 
512.000000 8.000000 2.000000 2.000000 256.000000 16.000000 0.000000 0.000000 16.000000 4.000000 0.000000 0.000000 4.000000 0.000000 0.000000 0.000000 
2
0
512.000000 0.000000 0.000000 0.000000 256.000000 8.000000 0.000000 2.000000 16.000000 16.000000 0.000000 0.000000 4.000000 4.000000 2.000000 2.000000 
512.000000 0.000000 0.000000 0.000000 256.000000 8.000000 0.000000 2.000000 16.000000 16.000000 0.000000 0.000000 4.000000 4.000000 2.000000 2.000000 
3
44
512.000000 0.000000 0.000000 0.000000 256.000000 8.000000 2.000000 0.000000 32.000000 0.000000 2.000000 0.000000 8.000000 4.000000 0.000000 0.000000 
512.000000 0.000000 0.000000 0.000000 256.000000 8.000000 2.000000 0.000000 32.000000 0.000000 2.000000 0.000000 8.000000 4.000000 0.000000 0.000000 
2
4
512.000000 0.000000 0.000000 0.000000 256.000000 0.000000 0.000000 0.000000 32.000000 8.000000 0.000000 0.000000 8.000000 4.000000 4.000000 2.000000 
512.000000 0.000000 0.000000 0.000000 256.000000 0.000000 0.000000 0.000000 32.000000 8.000000 0.000000 0.000000 8.000000 4.000000 4.000000 2.000000 
1
0
512.000000 8.000000 4.000000 2.000000 256.000000 4.000000 0.000000 0.000000 32.000000 0.000000 2.000000 0.000000 8.000000 0.000000 0.000000 0.000000 
512.000000 8.000000 4.000000 2.000000 256.000000 4.000000 0.000000 0.000000 32.000000 0.000000 2.000000 0.000000 8.000000 0.000000 0.000000 0.000000 
3
0
512.000000 8.000000 4.000000 2.000000 256.000000 4.000000 2.000000 0.000000 32.000000 2.000000 0.000000 0.000000 8.000000 0.000000 0.000000 0.000000 
512.000000 8.000000 4.000000 2.000000 256.000000 4.000000 2.000000 0.000000 32.000000 2.000000 0.000000 0.000000 8.000000 0.000000 0.000000 0.000000 
2
0
512.000000 0.000000 2.000000 0.000000 256.000000 8.000000 0.000000 0.000000 32.000000 4.000000 4.000000 0.000000 8.000000 2.000000 2.000000 2.000000 
512.000000 0.000000 2.000000 0.000000 256.000000 8.000000 0.000000 0.000000 32.000000 4.000000 4.000000 0.000000 8.000000 2.000000 2.000000 2.000000 
3
12
512.000000 2.000000 2.000000 0.000000 256.000000 8.000000 0.000000 0.000000 32.000000 8.000000 0.000000 0.000000 8.000000 4.000000 2.000000 0.000000 
512.000000 2.000000 2.000000 0.000000 256.000000 8.000000 0.000000 0.000000 32.000000 8.000000 0.000000 0.000000 8.000000 4.000000 2.000000 0.000000 
2
20
512.000000 0.000000 0.000000 0.000000 256.000000 2.000000 0.000000 0.000000 32.000000 16.000000 2.000000 0.000000 8.000000 4.000000 4.000000 0.000000 
512.000000 0.000000 0.000000 0.000000 256.000000 2.000000 0.000000 0.000000 32.000000 16.000000 2.000000 0.000000 8.000000 4.000000 4.000000 0.000000 
3
8
512.000000 0.000000 0.000000 0.000000 256.000000 2.000000 0.000000 2.000000 32.000000 16.000000 2.000000 0.000000 8.000000 8.000000 0.000000 0.000000 
512.000000 0.000000 0.000000 0.000000 256.000000 2.000000 0.000000 2.000000 32.000000 16.000000 2.000000 0.000000 8.000000 8.000000 0.000000 0.000000 
3
20
512.000000 0.000000 0.000000 0.000000 256.000000 4.000000 0.000000 0.000000 32.000000 16.000000 2.000000 0.000000 16.000000 2.000000 0.000000 0.000000 
512.000000 0.000000 0.000000 0.000000 256.000000 4.000000 0.000000 0.000000 32.000000 16.000000 2.000000 0.000000 16.000000 2.000000 0.000000 0.000000 
2
0
512.000000 0.000000 2.000000 0.000000 256.000000 4.000000 0.000000 0.000000 32.000000 16.000000 0.000000 0.000000 16.000000 2.000000 2.000000 0.000000 
512.000000 0.000000 2.000000 0.000000 256.000000 4.000000 0.000000 0.000000 32.000000 16.000000 0.000000 0.000000 16.000000 2.000000 2.000000 0.000000 
3
4
512.000000 2.000000 0.000000 0.000000 256.000000 4.000000 0.000000 0.000000 32.000000 16.000000 2.000000 0.000000 16.000000 4.000000 0.000000 0.000000 
512.000000 2.000000 0.000000 0.000000 256.000000 4.000000 0.000000 0.000000 32.000000 16.000000 2.000000 0.000000 16.000000 4.000000 0.000000 0.000000 
1
0
512.000000 2.000000 2.000000 2.000000 256.000000 4.000000 0.000000 0.000000 32.000000 16.000000 0.000000 0.000000 16.000000 4.000000 0.000000 0.000000 
512.000000 2.000000 2.000000 2.000000 256.000000 4.000000 0.000000 0.000000 32.000000 16.000000 0.000000 0.000000 16.000000 4.000000 0.000000 0.000000 
3
4
512.000000 4.000000 2.000000 0.000000 256.000000 4.000000 0.000000 4.000000 32.000000 16.000000 0.000000 0.000000 16.000000 4.000000 0.000000 0.000000 
512.000000 4.000000 2.000000 0.000000 256.000000 4.000000 0.000000 4.000000 32.000000 16.000000 0.000000 0.000000 16.000000 4.000000 0.000000 0.000000 
1
8
512.000000 8.000000 2.000000 4.000000 256.000000 16.000000 0.000000 0.000000 32.000000 4.000000 0.000000 0.000000 16.000000 0.000000 0.000000 2.000000 
512.000000 8.000000 2.000000 4.000000 256.000000 16.000000 0.000000 0.000000 32.000000 4.000000 0.000000 0.000000 16.000000 0.000000 0.000000 2.000000 
3
0
512.000000 8.000000 2.000000 4.000000 256.000000 16.000000 0.000000 0.000000 32.000000 4.000000 0.000000 0.000000 16.000000 2.000000 2.000000 0.000000 
512.000000 8.000000 2.000000 4.000000 256.000000 16.000000 0.000000 0.000000 32.000000 4.000000 0.000000 0.000000 16.000000 2.000000 2.000000 0.000000 
3
4
512.000000 8.000000 2.000000 4.000000 256.000000 16.000000 0.000000 0.000000 32.000000 4.000000 0.000000 2.000000 16.000000 4.000000 0.000000 0.000000 
512.000000 8.000000 2.000000 4.000000 256.000000 16.000000 0.000000 0.000000 32.000000 4.000000 0.000000 2.000000 16.000000 4.000000 0.000000 0.000000 
2
8
512.000000 0.000000 0.000000 0.000000 256.000000 8.000000 0.000000 0.000000 32.000000 16.000000 2.000000 4.000000 16.000000 8.000000 2.000000 2.000000 
512.000000 0.000000 0.000000 0.000000 256.000000 8.000000 0.000000 0.000000 32.000000 16.000000 2.000000 4.000000 16.000000 8.000000 2.000000 2.000000 
3
4
512.000000 0.000000 0.000000 0.000000 256.000000 8.000000 2.000000 0.000000 32.000000 16.000000 2.000000 4.000000 16.000000 8.000000 4.000000 0.000000 
512.000000 0.000000 0.000000 0.000000 256.000000 8.000000 2.000000 0.000000 32.000000 16.000000 2.000000 4.000000 16.000000 8.000000 4.000000 0.000000 
2
4
512.000000 2.000000 0.000000 0.000000 256.000000 8.000000 0.000000 0.000000 32.000000 16.000000 4.000000 0.000000 16.000000 8.000000 4.000000 4.000000 
512.000000 2.000000 0.000000 0.000000 256.000000 8.000000 0.000000 0.000000 32.000000 16.000000 4.000000 0.000000 16.000000 8.000000 4.000000 4.000000 
3
8
512.000000 2.000000 0.000000 0.000000 256.000000 8.000000 0.000000 0.000000 32.000000 16.000000 4.000000 2.000000 16.000000 8.000000 8.000000 0.000000 
512.000000 2.000000 0.000000 0.000000 256.000000 8.000000 0.000000 0.000000 32.000000 16.000000 4.000000 2.000000 16.000000 8.000000 8.000000 0.000000 
3
16
512.000000 2.000000 0.000000 2.000000 256.000000 8.000000 0.000000 0.000000 32.000000 16.000000 4.000000 2.000000 16.000000 16.000000 0.000000 0.000000 
512.000000 2.000000 0.000000 2.000000 256.000000 8.000000 0.000000 0.000000 32.000000 16.000000 4.000000 2.000000 16.000000 16.000000 0.000000 0.000000 
3
36
512.000000 4.000000 2.000000 0.000000 256.000000 8.000000 0.000000 0.000000 32.000000 16.000000 4.000000 2.000000 32.000000 0.000000 0.000000 0.000000 
512.000000 4.000000 2.000000 0.000000 256.000000 8.000000 0.000000 0.000000 32.000000 16.000000 4.000000 2.000000 32.000000 0.000000 0.000000 0.000000 
2
64
2.000000 0.000000 0.000000 0.000000 512.000000 4.000000 0.000000 0.000000 256.000000 8.000000 2.000000 0.000000 64.000000 16.000000 4.000000 2.000000 
2.000000 0.000000 0.000000 0.000000 512.000000 4.000000 0.000000 0.000000 256.000000 8.000000 2.000000 0.000000 64.000000 16.000000 4.000000 2.000000 
1
0
2.000000 4.000000 2.000000 2.000000 512.000000 8.000000 4.000000 0.000000 256.000000 16.000000 0.000000 0.000000 64.000000 0.000000 0.000000 2.000000 
2.000000 4.000000 2.000000 2.000000 512.000000 8.000000 4.000000 0.000000 256.000000 16.000000 0.000000 0.000000 64.000000 0.000000 0.000000 2.000000 
3
4
2.000000 4.000000 4.000000 0.000000 512.000000 8.000000 4.000000 0.000000 256.000000 16.000000 0.000000 2.000000 64.000000 2.000000 0.000000 0.000000 
2.000000 4.000000 4.000000 0.000000 512.000000 8.000000 4.000000 0.000000 256.000000 16.000000 0.000000 2.000000 64.000000 2.000000 0.000000 0.000000 
3
8
2.000000 8.000000 0.000000 0.000000 512.000000 8.000000 4.000000 0.000000 256.000000 16.000000 2.000000 2.000000 64.000000 2.000000 0.000000 0.000000 
2.000000 8.000000 0.000000 0.000000 512.000000 8.000000 4.000000 0.000000 256.000000 16.000000 2.000000 2.000000 64.000000 2.000000 0.000000 0.000000 
2
16
2.000000 0.000000 0.000000 0.000000 512.000000 16.000000 0.000000 0.000000 256.000000 16.000000 4.000000 2.000000 64.000000 2.000000 2.000000 2.000000 
2.000000 0.000000 0.000000 0.000000 512.000000 16.000000 0.000000 0.000000 256.000000 16.000000 4.000000 2.000000 64.000000 2.000000 2.000000 2.000000 
3
4
2.000000 0.000000 0.000000 0.000000 512.000000 16.000000 4.000000 0.000000 256.000000 16.000000 4.000000 2.000000 64.000000 4.000000 2.000000 0.000000 
2.000000 0.000000 0.000000 0.000000 512.000000 16.000000 4.000000 0.000000 256.000000 16.000000 4.000000 2.000000 64.000000 4.000000 2.000000 0.000000 
2
40
2.000000 0.000000 0.000000 0.000000 512.000000 2.000000 0.000000 0.000000 256.000000 32.000000 8.000000 0.000000 64.000000 4.000000 2.000000 2.000000 
2.000000 0.000000 0.000000 0.000000 512.000000 2.000000 0.000000 0.000000 256.000000 32.000000 8.000000 0.000000 64.000000 4.000000 2.000000 2.000000 
3
4
2.000000 0.000000 0.000000 0.000000 512.000000 2.000000 0.000000 2.000000 256.000000 32.000000 8.000000 0.000000 64.000000 4.000000 4.000000 0.000000 
2.000000 0.000000 0.000000 0.000000 512.000000 2.000000 0.000000 2.000000 256.000000 32.000000 8.000000 0.000000 64.000000 4.000000 4.000000 0.000000 
3
12
2.000000 0.000000 2.000000 0.000000 512.000000 4.000000 0.000000 0.000000 256.000000 32.000000 8.000000 0.000000 64.000000 8.000000 0.000000 0.000000 
2.000000 0.000000 2.000000 0.000000 512.000000 4.000000 0.000000 0.000000 256.000000 32.000000 8.000000 0.000000 64.000000 8.000000 0.000000 0.000000 
2
0
2.000000 0.000000 0.000000 0.000000 512.000000 4.000000 0.000000 0.000000 256.000000 32.000000 2.000000 2.000000 64.000000 8.000000 8.000000 0.000000 
2.000000 0.000000 0.000000 0.000000 512.000000 4.000000 0.000000 0.000000 256.000000 32.000000 2.000000 2.000000 64.000000 8.000000 8.000000 0.000000 
3
20
2.000000 0.000000 0.000000 0.000000 512.000000 4.000000 0.000000 2.000000 256.000000 32.000000 4.000000 0.000000 64.000000 16.000000 0.000000 0.000000 
2.000000 0.000000 0.000000 0.000000 512.000000 4.000000 0.000000 2.000000 256.000000 32.000000 4.000000 0.000000 64.000000 16.000000 0.000000 0.000000 
2
0
2.000000 0.000000 0.000000 0.000000 512.000000 4.000000 0.000000 2.000000 256.000000 32.000000 0.000000 0.000000 64.000000 16.000000 4.000000 2.000000 
2.000000 0.000000 0.000000 0.000000 512.000000 4.000000 0.000000 2.000000 256.000000 32.000000 0.000000 0.000000 64.000000 16.000000 4.000000 2.000000 
2
4
2.000000 0.000000 0.000000 0.000000 512.000000 4.000000 0.000000 0.000000 256.000000 32.000000 2.000000 0.000000 64.000000 16.000000 4.000000 4.000000 
2.000000 0.000000 0.000000 0.000000 512.000000 4.000000 0.000000 0.000000 256.000000 32.000000 2.000000 0.000000 64.000000 16.000000 4.000000 4.000000 
3
8
2.000000 0.000000 0.000000 0.000000 512.000000 4.000000 0.000000 4.000000 256.000000 32.000000 2.000000 0.000000 64.000000 16.000000 8.000000 0.000000 
2.000000 0.000000 0.000000 0.000000 512.000000 4.000000 0.000000 4.000000 256.000000 32.000000 2.000000 0.000000 64.000000 16.000000 8.000000 0.000000 
3
8
2.000000 0.000000 0.000000 0.000000 512.000000 8.000000 0.000000 0.000000 256.000000 32.000000 2.000000 0.000000 64.000000 16.000000 8.000000 2.000000 
2.000000 0.000000 0.000000 0.000000 512.000000 8.000000 0.000000 0.000000 256.000000 32.000000 2.000000 0.000000 64.000000 16.000000 8.000000 2.000000 
1
0
2.000000 8.000000 2.000000 2.000000 512.000000 32.000000 8.000000 0.000000 256.000000 16.000000 2.000000 0.000000 64.000000 0.000000 0.000000 0.000000 
2.000000 8.000000 2.000000 2.000000 512.000000 32.000000 8.000000 0.000000 256.000000 16.000000 2.000000 0.000000 64.000000 0.000000 0.000000 0.000000 
3
4
2.000000 8.000000 4.000000 2.000000 512.000000 32.000000 8.000000 0.000000 256.000000 16.000000 2.000000 0.000000 64.000000 0.000000 0.000000 0.000000 
2.000000 8.000000 4.000000 2.000000 512.000000 32.000000 8.000000 0.000000 256.000000 16.000000 2.000000 0.000000 64.000000 0.000000 0.000000 0.000000 
2
0
2.000000 0.000000 0.000000 0.000000 512.000000 8.000000 4.000000 0.000000 256.000000 32.000000 8.000000 2.000000 64.000000 16.000000 2.000000 2.000000 
2.000000 0.000000 0.000000 0.000000 512.000000 8.000000 4.000000 0.000000 256.000000 32.000000 8.000000 2.000000 64.000000 16.000000 2.000000 2.000000 
3
4
2.000000 2.000000 0.000000 0.000000 512.000000 8.000000 4.000000 0.000000 256.000000 32.000000 8.000000 2.000000 64.000000 16.000000 4.000000 0.000000 
2.000000 2.000000 0.000000 0.000000 512.000000 8.000000 4.000000 0.000000 256.000000 32.000000 8.000000 2.000000 64.000000 16.000000 4.000000 0.000000 
2
0
2.000000 2.000000 0.000000 0.000000 512.000000 8.000000 4.000000 0.000000 256.000000 32.000000 8.000000 2.000000 64.000000 16.000000 4.000000 2.000000 
2.000000 2.000000 0.000000 0.000000 512.000000 8.000000 4.000000 0.000000 256.000000 32.000000 8.000000 2.000000 64.000000 16.000000 4.000000 2.000000 
2
4
2.000000 2.000000 0.000000 0.000000 512.000000 8.000000 4.000000 2.000000 256.000000 32.000000 8.000000 0.000000 64.000000 16.000000 4.000000 4.000000 
2.000000 2.000000 0.000000 0.000000 512.000000 8.000000 4.000000 2.000000 256.000000 32.000000 8.000000 0.000000 64.000000 16.000000 4.000000 4.000000 
3
12
4.000000 0.000000 0.000000 0.000000 512.000000 8.000000 4.000000 2.000000 256.000000 32.000000 8.000000 4.000000 64.000000 16.000000 8.000000 0.000000 
4.000000 0.000000 0.000000 0.000000 512.000000 8.000000 4.000000 2.000000 256.000000 32.000000 8.000000 4.000000 64.000000 16.000000 8.000000 0.000000 
2
16
4.000000 2.000000 0.000000 0.000000 512.000000 8.000000 0.000000 0.000000 256.000000 32.000000 4.000000 2.000000 64.000000 16.000000 16.000000 4.000000 
4.000000 2.000000 0.000000 0.000000 512.000000 8.000000 0.000000 0.000000 256.000000 32.000000 4.000000 2.000000 64.000000 16.000000 16.000000 4.000000 
3
32
4.000000 2.000000 0.000000 0.000000 512.000000 8.000000 0.000000 0.000000 256.000000 32.000000 4.000000 2.000000 64.000000 32.000000 4.000000 2.000000 
4.000000 2.000000 0.000000 0.000000 512.000000 8.000000 0.000000 0.000000 256.000000 32.000000 4.000000 2.000000 64.000000 32.000000 4.000000 2.000000 
2
76
4.000000 0.000000 0.000000 2.000000 512.000000 2.000000 0.000000 0.000000 256.000000 8.000000 0.000000 0.000000 64.000000 64.000000 8.000000 4.000000 
4.000000 0.000000 0.000000 2.000000 512.000000 2.000000 0.000000 0.000000 256.000000 8.000000 0.000000 0.000000 64.000000 64.000000 8.000000 4.000000 
3
128
4.000000 2.000000 0.000000 0.000000 512.000000 2.000000 0.000000 0.000000 256.000000 8.000000 0.000000 0.000000 128.000000 8.000000 4.000000 2.000000 
4.000000 2.000000 0.000000 0.000000 512.000000 2.000000 0.000000 0.000000 256.000000 8.000000 0.000000 0.000000 128.000000 8.000000 4.000000 2.000000 
1
20
4.000000 4.000000 4.000000 2.000000 512.000000 16.000000 0.000000 0.000000 256.000000 0.000000 0.000000 0.000000 128.000000 0.000000 2.000000 0.000000 
4.000000 4.000000 4.000000 2.000000 512.000000 16.000000 0.000000 0.000000 256.000000 0.000000 0.000000 0.000000 128.000000 0.000000 2.000000 0.000000 
3
8
8.000000 4.000000 2.000000 0.000000 512.000000 16.000000 0.000000 0.000000 256.000000 0.000000 0.000000 0.000000 128.000000 2.000000 2.000000 0.000000 
8.000000 4.000000 2.000000 0.000000 512.000000 16.000000 0.000000 0.000000 256.000000 0.000000 0.000000 0.000000 128.000000 2.000000 2.000000 0.000000 
3
4
8.000000 4.000000 2.000000 0.000000 512.000000 16.000000 0.000000 4.000000 256.000000 0.000000 0.000000 0.000000 128.000000 4.000000 0.000000 0.000000 
8.000000 4.000000 2.000000 0.000000 512.000000 16.000000 0.000000 4.000000 256.000000 0.000000 0.000000 0.000000 128.000000 4.000000 0.000000 0.000000 
2
0
8.000000 0.000000 2.000000 0.000000 512.000000 4.000000 0.000000 0.000000 256.000000 16.000000 0.000000 0.000000 128.000000 4.000000 2.000000 4.000000 
8.000000 0.000000 2.000000 0.000000 512.000000 4.000000 0.000000 0.000000 256.000000 16.000000 0.000000 0.000000 128.000000 4.000000 2.000000 4.000000 
3
0
8.000000 2.000000 0.000000 0.000000 512.000000 4.000000 0.000000 2.000000 256.000000 16.000000 0.000000 0.000000 128.000000 4.000000 2.000000 4.000000 
8.000000 2.000000 0.000000 0.000000 512.000000 4.000000 0.000000 2.000000 256.000000 16.000000 0.000000 0.000000 128.000000 4.000000 2.000000 4.000000 
1
0
8.000000 2.000000 2.000000 2.000000 512.000000 4.000000 0.000000 4.000000 256.000000 16.000000 2.000000 0.000000 128.000000 4.000000 0.000000 0.000000 
8.000000 2.000000 2.000000 2.000000 512.000000 4.000000 0.000000 4.000000 256.000000 16.000000 2.000000 0.000000 128.000000 4.000000 0.000000 0.000000 
3
12
8.000000 4.000000 2.000000 0.000000 512.000000 8.000000 0.000000 2.000000 256.000000 16.000000 2.000000 0.000000 128.000000 4.000000 0.000000 0.000000 
8.000000 4.000000 2.000000 0.000000 512.000000 8.000000 0.000000 2.000000 256.000000 16.000000 2.000000 0.000000 128.000000 4.000000 0.000000 0.000000 
1
4
8.000000 4.000000 4.000000 2.000000 512.000000 8.000000 0.000000 0.000000 256.000000 16.000000 2.000000 0.000000 128.000000 4.000000 0.000000 0.000000 
8.000000 4.000000 4.000000 2.000000 512.000000 8.000000 0.000000 0.000000 256.000000 16.000000 2.000000 0.000000 128.000000 4.000000 0.000000 0.000000 
3
8
8.000000 8.000000 2.000000 0.000000 512.000000 8.000000 0.000000 0.000000 256.000000 16.000000 2.000000 0.000000 128.000000 4.000000 2.000000 0.000000 
8.000000 8.000000 2.000000 0.000000 512.000000 8.000000 0.000000 0.000000 256.000000 16.000000 2.000000 0.000000 128.000000 4.000000 2.000000 0.000000 
1
20
8.000000 16.000000 4.000000 0.000000 512.000000 16.000000 2.000000 0.000000 256.000000 4.000000 0.000000 0.000000 128.000000 2.000000 0.000000 0.000000 
8.000000 16.000000 4.000000 0.000000 512.000000 16.000000 2.000000 0.000000 256.000000 4.000000 0.000000 0.000000 128.000000 2.000000 0.000000 0.000000 
2
32
8.000000 0.000000 0.000000 0.000000 512.000000 32.000000 0.000000 0.000000 256.000000 4.000000 4.000000 2.000000 128.000000 2.000000 2.000000 0.000000 
8.000000 0.000000 0.000000 0.000000 512.000000 32.000000 0.000000 0.000000 256.000000 4.000000 4.000000 2.000000 128.000000 2.000000 2.000000 0.000000 
3
12
8.000000 0.000000 0.000000 0.000000 512.000000 32.000000 0.000000 2.000000 256.000000 8.000000 2.000000 0.000000 128.000000 4.000000 0.000000 0.000000 
8.000000 0.000000 0.000000 0.000000 512.000000 32.000000 0.000000 2.000000 256.000000 8.000000 2.000000 0.000000 128.000000 4.000000 0.000000 0.000000 
2
0
8.000000 0.000000 0.000000 0.000000 512.000000 32.000000 2.000000 0.000000 256.000000 8.000000 0.000000 0.000000 128.000000 4.000000 2.000000 2.000000 
8.000000 0.000000 0.000000 0.000000 512.000000 32.000000 2.000000 0.000000 256.000000 8.000000 0.000000 0.000000 128.000000 4.000000 2.000000 2.000000 
3
4
8.000000 0.000000 0.000000 0.000000 512.000000 32.000000 2.000000 2.000000 256.000000 8.000000 0.000000 0.000000 128.000000 4.000000 4.000000 0.000000 
8.000000 0.000000 0.000000 0.000000 512.000000 32.000000 2.000000 2.000000 256.000000 8.000000 0.000000 0.000000 128.000000 4.000000 4.000000 0.000000 
3
12
8.000000 0.000000 2.000000 0.000000 512.000000 32.000000 4.000000 0.000000 256.000000 8.000000 0.000000 0.000000 128.000000 8.000000 0.000000 0.000000 
8.000000 0.000000 2.000000 0.000000 512.000000 32.000000 4.000000 0.000000 256.000000 8.000000 0.000000 0.000000 128.000000 8.000000 0.000000 0.000000 
2
16
8.000000 0.000000 2.000000 0.000000 512.000000 0.000000 0.000000 0.000000 256.000000 32.000000 2.000000 0.000000 128.000000 16.000000 4.000000 0.000000 
8.000000 0.000000 2.000000 0.000000 512.000000 0.000000 0.000000 0.000000 256.000000 32.000000 2.000000 0.000000 128.000000 16.000000 4.000000 0.000000 
3
0
8.000000 2.000000 0.000000 0.000000 512.000000 0.000000 0.000000 0.000000 256.000000 32.000000 2.000000 0.000000 128.000000 16.000000 4.000000 2.000000 
8.000000 2.000000 0.000000 0.000000 512.000000 0.000000 0.000000 0.000000 256.000000 32.000000 2.000000 0.000000 128.000000 16.000000 4.000000 2.000000 
1
0
8.000000 2.000000 2.000000 2.000000 512.000000 32.000000 4.000000 0.000000 256.000000 16.000000 0.000000 0.000000 128.000000 0.000000 0.000000 2.000000 
8.000000 2.000000 2.000000 2.000000 512.000000 32.000000 4.000000 0.000000 256.000000 16.000000 0.000000 0.000000 128.000000 0.000000 0.000000 2.000000 
3
4
8.000000 4.000000 2.000000 2.000000 512.000000 32.000000 4.000000 0.000000 256.000000 16.000000 0.000000 0.000000 128.000000 2.000000 0.000000 0.000000 
8.000000 4.000000 2.000000 2.000000 512.000000 32.000000 4.000000 0.000000 256.000000 16.000000 0.000000 0.000000 128.000000 2.000000 0.000000 0.000000 
3
4
8.000000 4.000000 4.000000 4.000000 512.000000 32.000000 4.000000 0.000000 256.000000 16.000000 0.000000 0.000000 128.000000 2.000000 0.000000 0.000000 
8.000000 4.000000 4.000000 4.000000 512.000000 32.000000 4.000000 0.000000 256.000000 16.000000 0.000000 0.000000 128.000000 2.000000 0.000000 0.000000 
3
8
8.000000 8.000000 4.000000 0.000000 512.000000 32.000000 4.000000 0.000000 256.000000 16.000000 0.000000 0.000000 128.000000 2.000000 2.000000 0.000000 
8.000000 8.000000 4.000000 0.000000 512.000000 32.000000 4.000000 0.000000 256.000000 16.000000 0.000000 0.000000 128.000000 2.000000 2.000000 0.000000 
3
20
16.000000 4.000000 0.000000 0.000000 512.000000 32.000000 4.000000 0.000000 256.000000 16.000000 0.000000 0.000000 128.000000 4.000000 0.000000 2.000000 
16.000000 4.000000 0.000000 0.000000 512.000000 32.000000 4.000000 0.000000 256.000000 16.000000 0.000000 0.000000 128.000000 4.000000 0.000000 2.000000 
2
0
16.000000 4.000000 0.000000 2.000000 512.000000 32.000000 0.000000 0.000000 256.000000 16.000000 0.000000 0.000000 128.000000 4.000000 4.000000 2.000000 
16.000000 4.000000 0.000000 2.000000 512.000000 32.000000 0.000000 0.000000 256.000000 16.000000 0.000000 0.000000 128.000000 4.000000 4.000000 2.000000 
3
8
16.000000 4.000000 2.000000 0.000000 512.000000 32.000000 0.000000 0.000000 256.000000 16.000000 0.000000 2.000000 128.000000 8.000000 2.000000 0.000000 
16.000000 4.000000 2.000000 0.000000 512.000000 32.000000 0.000000 0.000000 256.000000 16.000000 0.000000 2.000000 128.000000 8.000000 2.000000 0.000000 
2
4
16.000000 4.000000 0.000000 0.000000 512.000000 32.000000 2.000000 0.000000 256.000000 16.000000 0.000000 0.000000 128.000000 8.000000 4.000000 2.000000 
16.000000 4.000000 0.000000 0.000000 512.000000 32.000000 2.000000 0.000000 256.000000 16.000000 0.000000 0.000000 128.000000 8.000000 4.000000 2.000000 
2
0
16.000000 4.000000 0.000000 0.000000 512.000000 32.000000 0.000000 2.000000 256.000000 16.000000 2.000000 0.000000 128.000000 8.000000 4.000000 2.000000 
16.000000 4.000000 0.000000 0.000000 512.000000 32.000000 0.000000 2.000000 256.000000 16.000000 2.000000 0.000000 128.000000 8.000000 4.000000 2.000000 
2
4
16.000000 4.000000 2.000000 0.000000 512.000000 32.000000 0.000000 0.000000 256.000000 16.000000 2.000000 0.000000 128.000000 8.000000 4.000000 4.000000 
16.000000 4.000000 2.000000 0.000000 512.000000 32.000000 0.000000 0.000000 256.000000 16.000000 2.000000 0.000000 128.000000 8.000000 4.000000 4.000000 
3
8
16.000000 4.000000 2.000000 0.000000 512.000000 32.000000 0.000000 2.000000 256.000000 16.000000 2.000000 0.000000 128.000000 8.000000 8.000000 0.000000 
16.000000 4.000000 2.000000 0.000000 512.000000 32.000000 0.000000 2.000000 256.000000 16.000000 2.000000 0.000000 128.000000 8.000000 8.000000 0.000000 
3
16
16.000000 4.000000 2.000000 0.000000 512.000000 32.000000 2.000000 0.000000 256.000000 16.000000 2.000000 2.000000 128.000000 16.000000 0.000000 0.000000 
16.000000 4.000000 2.000000 0.000000 512.000000 32.000000 2.000000 0.000000 256.000000 16.000000 2.000000 2.000000 128.000000 16.000000 0.000000 0.000000 
2
36
16.000000 0.000000 0.000000 0.000000 512.000000 4.000000 0.000000 2.000000 256.000000 32.000000 2.000000 0.000000 128.000000 32.000000 4.000000 2.000000 
16.000000 0.000000 0.000000 0.000000 512.000000 4.000000 0.000000 2.000000 256.000000 32.000000 2.000000 0.000000 128.000000 32.000000 4.000000 2.000000 
2
68
16.000000 0.000000 0.000000 0.000000 512.000000 0.000000 0.000000 4.000000 256.000000 4.000000 2.000000 0.000000 128.000000 64.000000 4.000000 4.000000 
16.000000 0.000000 0.000000 0.000000 512.000000 0.000000 0.000000 4.000000 256.000000 4.000000 2.000000 0.000000 128.000000 64.000000 4.000000 4.000000 
3
8
16.000000 0.000000 2.000000 0.000000 512.000000 4.000000 0.000000 0.000000 256.000000 4.000000 2.000000 0.000000 128.000000 64.000000 8.000000 0.000000 
16.000000 0.000000 2.000000 0.000000 512.000000 4.000000 0.000000 0.000000 256.000000 4.000000 2.000000 0.000000 128.000000 64.000000 8.000000 0.000000 
2
12
16.000000 0.000000 0.000000 0.000000 512.000000 0.000000 0.000000 0.000000 256.000000 8.000000 4.000000 0.000000 128.000000 64.000000 8.000000 2.000000 
16.000000 0.000000 0.000000 0.000000 512.000000 0.000000 0.000000 0.000000 256.000000 8.000000 4.000000 0.000000 128.000000 64.000000 8.000000 2.000000 
1
0
16.000000 8.000000 4.000000 2.000000 512.000000 64.000000 8.000000 0.000000 256.000000 2.000000 0.000000 0.000000 128.000000 0.000000 0.000000 0.000000 
16.000000 8.000000 4.000000 2.000000 512.000000 64.000000 8.000000 0.000000 256.000000 2.000000 0.000000 0.000000 128.000000 0.000000 0.000000 0.000000 
2
0
16.000000 0.000000 0.000000 0.000000 512.000000 8.000000 0.000000 2.000000 256.000000 64.000000 4.000000 0.000000 128.000000 2.000000 8.000000 2.000000 
16.000000 0.000000 0.000000 0.000000 512.000000 8.000000 0.000000 2.000000 256.000000 64.000000 4.000000 0.000000 128.000000 2.000000 8.000000 2.000000 
2
4
16.000000 0.000000 0.000000 0.000000 512.000000 8.000000 2.000000 0.000000 256.000000 64.000000 4.000000 0.000000 128.000000 2.000000 8.000000 4.000000 
16.000000 0.000000 0.000000 0.000000 512.000000 8.000000 2.000000 0.000000 256.000000 64.000000 4.000000 0.000000 128.000000 2.000000 8.000000 4.000000 
1
0
16.000000 8.000000 2.000000 4.000000 512.000000 64.000000 4.000000 0.000000 256.000000 2.000000 8.000000 0.000000 128.000000 0.000000 0.000000 2.000000 
16.000000 8.000000 2.000000 4.000000 512.000000 64.000000 4.000000 0.000000 256.000000 2.000000 8.000000 0.000000 128.000000 0.000000 0.000000 2.000000 
2
0
16.000000 0.000000 0.000000 4.000000 512.000000 8.000000 2.000000 0.000000 256.000000 64.000000 4.000000 4.000000 128.000000 2.000000 8.000000 2.000000 
16.000000 0.000000 0.000000 4.000000 512.000000 8.000000 2.000000 0.000000 256.000000 64.000000 4.000000 4.000000 128.000000 2.000000 8.000000 2.000000 
3
8
16.000000 4.000000 2.000000 0.000000 512.000000 8.000000 2.000000 0.000000 256.000000 64.000000 8.000000 0.000000 128.000000 2.000000 8.000000 2.000000 
16.000000 4.000000 2.000000 0.000000 512.000000 8.000000 2.000000 0.000000 256.000000 64.000000 8.000000 0.000000 128.000000 2.000000 8.000000 2.000000 
1
20
16.000000 4.000000 4.000000 2.000000 512.000000 8.000000 16.000000 0.000000 256.000000 64.000000 2.000000 0.000000 128.000000 2.000000 0.000000 0.000000 
16.000000 4.000000 4.000000 2.000000 512.000000 8.000000 16.000000 0.000000 256.000000 64.000000 2.000000 0.000000 128.000000 2.000000 0.000000 0.000000 
2
0
16.000000 4.000000 0.000000 2.000000 512.000000 8.000000 4.000000 0.000000 256.000000 64.000000 16.000000 0.000000 128.000000 2.000000 2.000000 2.000000 
16.000000 4.000000 0.000000 2.000000 512.000000 8.000000 4.000000 0.000000 256.000000 64.000000 16.000000 0.000000 128.000000 2.000000 2.000000 2.000000 
3
4
16.000000 4.000000 2.000000 0.000000 512.000000 8.000000 4.000000 2.000000 256.000000 64.000000 16.000000 0.000000 128.000000 4.000000 2.000000 0.000000 
16.000000 4.000000 2.000000 0.000000 512.000000 8.000000 4.000000 2.000000 256.000000 64.000000 16.000000 0.000000 128.000000 4.000000 2.000000 0.000000 
2
0
16.000000 4.000000 2.000000 0.000000 512.000000 8.000000 4.000000 0.000000 256.000000 64.000000 16.000000 2.000000 128.000000 4.000000 2.000000 2.000000 
16.000000 4.000000 2.000000 0.000000 512.000000 8.000000 4.000000 0.000000 256.000000 64.000000 16.000000 2.000000 128.000000 4.000000 2.000000 2.000000 
3
4
16.000000 4.000000 2.000000 0.000000 512.000000 8.000000 4.000000 0.000000 256.000000 64.000000 16.000000 2.000000 128.000000 4.000000 4.000000 2.000000 
16.000000 4.000000 2.000000 0.000000 512.000000 8.000000 4.000000 0.000000 256.000000 64.000000 16.000000 2.000000 128.000000 4.000000 4.000000 2.000000 
3
8
16.000000 4.000000 2.000000 2.000000 512.000000 8.000000 4.000000 0.000000 256.000000 64.000000 16.000000 2.000000 128.000000 8.000000 2.000000 0.000000 
16.000000 4.000000 2.000000 2.000000 512.000000 8.000000 4.000000 0.000000 256.000000 64.000000 16.000000 2.000000 128.000000 8.000000 2.000000 0.000000 
2
4
16.000000 4.000000 2.000000 0.000000 512.000000 8.000000 4.000000 2.000000 256.000000 64.000000 16.000000 0.000000 128.000000 8.000000 2.000000 4.000000 
16.000000 4.000000 2.000000 0.000000 512.000000 8.000000 4.000000 2.000000 256.000000 64.000000 16.000000 0.000000 128.000000 8.000000 2.000000 4.000000 
1
0
16.000000 4.000000 2.000000 2.000000 512.000000 8.000000 4.000000 4.000000 256.000000 64.000000 16.000000 0.000000 128.000000 8.000000 2.000000 4.000000 
16.000000 4.000000 2.000000 2.000000 512.000000 8.000000 4.000000 4.000000 256.000000 64.000000 16.000000 0.000000 128.000000 8.000000 2.000000 4.000000 
3
12
16.000000 4.000000 4.000000 0.000000 512.000000 8.000000 8.000000 0.000000 256.000000 64.000000 16.000000 2.000000 128.000000 8.000000 2.000000 4.000000 
16.000000 4.000000 4.000000 0.000000 512.000000 8.000000 8.000000 0.000000 256.000000 64.000000 16.000000 2.000000 128.000000 8.000000 2.000000 4.000000 
3
24
16.000000 8.000000 0.000000 0.000000 512.000000 16.000000 0.000000 2.000000 256.000000 64.000000 16.000000 2.000000 128.000000 8.000000 2.000000 4.000000 
16.000000 8.000000 0.000000 0.000000 512.000000 16.000000 0.000000 2.000000 256.000000 64.000000 16.000000 2.000000 128.000000 8.000000 2.000000 4.000000 
1
4
16.000000 8.000000 16.000000 4.000000 512.000000 16.000000 2.000000 4.000000 256.000000 64.000000 0.000000 0.000000 128.000000 8.000000 2.000000 0.000000 
16.000000 8.000000 16.000000 4.000000 512.000000 16.000000 2.000000 4.000000 256.000000 64.000000 0.000000 0.000000 128.000000 8.000000 2.000000 0.000000 
2
12
16.000000 8.000000 0.000000 2.000000 512.000000 16.000000 0.000000 0.000000 256.000000 64.000000 16.000000 0.000000 128.000000 8.000000 4.000000 8.000000 
16.000000 8.000000 0.000000 2.000000 512.000000 16.000000 0.000000 0.000000 256.000000 64.000000 16.000000 0.000000 128.000000 8.000000 4.000000 8.000000 
3
0
16.000000 8.000000 2.000000 2.000000 512.000000 16.000000 0.000000 0.000000 256.000000 64.000000 16.000000 0.000000 128.000000 8.000000 4.000000 8.000000 
16.000000 8.000000 2.000000 2.000000 512.000000 16.000000 0.000000 0.000000 256.000000 64.000000 16.000000 0.000000 128.000000 8.000000 4.000000 8.000000 
1
0
16.000000 8.000000 2.000000 2.000000 512.000000 16.000000 16.000000 8.000000 256.000000 64.000000 4.000000 0.000000 128.000000 8.000000 0.000000 2.000000 
16.000000 8.000000 2.000000 2.000000 512.000000 16.000000 16.000000 8.000000 256.000000 64.000000 4.000000 0.000000 128.000000 8.000000 0.000000 2.000000 
3
36
16.000000 8.000000 4.000000 0.000000 512.000000 32.000000 8.000000 0.000000 256.000000 64.000000 4.000000 0.000000 128.000000 8.000000 2.000000 2.000000 
16.000000 8.000000 4.000000 0.000000 512.000000 32.000000 8.000000 0.000000 256.000000 64.000000 4.000000 0.000000 128.000000 8.000000 2.000000 2.000000 
3
4
16.000000 8.000000 4.000000 0.000000 512.000000 32.000000 8.000000 0.000000 256.000000 64.000000 4.000000 0.000000 128.000000 8.000000 4.000000 2.000000 
16.000000 8.000000 4.000000 0.000000 512.000000 32.000000 8.000000 0.000000 256.000000 64.000000 4.000000 0.000000 128.000000 8.000000 4.000000 2.000000 
2
8
16.000000 8.000000 0.000000 2.000000 512.000000 32.000000 4.000000 0.000000 256.000000 64.000000 8.000000 0.000000 128.000000 8.000000 8.000000 2.000000 
16.000000 8.000000 0.000000 2.000000 512.000000 32.000000 4.000000 0.000000 256.000000 64.000000 8.000000 0.000000 128.000000 8.000000 8.000000 2.000000 
3
16
16.000000 8.000000 2.000000 2.000000 512.000000 32.000000 4.000000 0.000000 256.000000 64.000000 8.000000 0.000000 128.000000 16.000000 2.000000 0.000000 
16.000000 8.000000 2.000000 2.000000 512.000000 32.000000 4.000000 0.000000 256.000000 64.000000 8.000000 0.000000 128.000000 16.000000 2.000000 0.000000 
2
0
16.000000 8.000000 2.000000 2.000000 512.000000 32.000000 4.000000 0.000000 256.000000 64.000000 8.000000 0.000000 128.000000 16.000000 2.000000 2.000000 
16.000000 8.000000 2.000000 2.000000 512.000000 32.000000 4.000000 0.000000 256.000000 64.000000 8.000000 0.000000 128.000000 16.000000 2.000000 2.000000 
3
8
16.000000 8.000000 4.000000 0.000000 512.000000 32.000000 4.000000 0.000000 256.000000 64.000000 8.000000 0.000000 128.000000 16.000000 4.000000 2.000000 
16.000000 8.000000 4.000000 0.000000 512.000000 32.000000 4.000000 0.000000 256.000000 64.000000 8.000000 0.000000 128.000000 16.000000 4.000000 2.000000 
1
8
16.000000 8.000000 8.000000 2.000000 512.000000 32.000000 8.000000 4.000000 256.000000 64.000000 4.000000 0.000000 128.000000 16.000000 0.000000 0.000000 
16.000000 8.000000 8.000000 2.000000 512.000000 32.000000 8.000000 4.000000 256.000000 64.000000 4.000000 0.000000 128.000000 16.000000 0.000000 0.000000 
3
16
16.000000 16.000000 2.000000 0.000000 512.000000 32.000000 8.000000 4.000000 256.000000 64.000000 4.000000 2.000000 128.000000 16.000000 0.000000 0.000000 
16.000000 16.000000 2.000000 0.000000 512.000000 32.000000 8.000000 4.000000 256.000000 64.000000 4.000000 2.000000 128.000000 16.000000 0.000000 0.000000 
2
0
16.000000 16.000000 2.000000 0.000000 512.000000 32.000000 2.000000 0.000000 256.000000 64.000000 8.000000 4.000000 128.000000 16.000000 4.000000 2.000000 
16.000000 16.000000 2.000000 0.000000 512.000000 32.000000 2.000000 0.000000 256.000000 64.000000 8.000000 4.000000 128.000000 16.000000 4.000000 2.000000 
1
4
16.000000 16.000000 4.000000 4.000000 512.000000 32.000000 8.000000 2.000000 256.000000 64.000000 4.000000 2.000000 128.000000 16.000000 0.000000 0.000000 
16.000000 16.000000 4.000000 4.000000 512.000000 32.000000 8.000000 2.000000 256.000000 64.000000 4.000000 2.000000 128.000000 16.000000 0.000000 0.000000 
3
40
32.000000 8.000000 0.000000 0.000000 512.000000 32.000000 8.000000 2.000000 256.000000 64.000000 4.000000 2.000000 128.000000 16.000000 0.000000 2.000000 
32.000000 8.000000 0.000000 0.000000 512.000000 32.000000 8.000000 2.000000 256.000000 64.000000 4.000000 2.000000 128.000000 16.000000 0.000000 2.000000 
2
4
32.000000 8.000000 0.000000 0.000000 512.000000 32.000000 0.000000 2.000000 256.000000 64.000000 8.000000 2.000000 128.000000 16.000000 4.000000 4.000000 
32.000000 8.000000 0.000000 0.000000 512.000000 32.000000 0.000000 2.000000 256.000000 64.000000 8.000000 2.000000 128.000000 16.000000 4.000000 4.000000 
2
4
32.000000 8.000000 0.000000 0.000000 512.000000 32.000000 0.000000 2.000000 256.000000 64.000000 8.000000 4.000000 128.000000 16.000000 4.000000 4.000000 
32.000000 8.000000 0.000000 0.000000 512.000000 32.000000 0.000000 2.000000 256.000000 64.000000 8.000000 4.000000 128.000000 16.000000 4.000000 4.000000 
3
8
32.000000 8.000000 0.000000 0.000000 512.000000 32.000000 2.000000 0.000000 256.000000 64.000000 8.000000 4.000000 128.000000 16.000000 8.000000 2.000000 
32.000000 8.000000 0.000000 0.000000 512.000000 32.000000 2.000000 0.000000 256.000000 64.000000 8.000000 4.000000 128.000000 16.000000 8.000000 2.000000 
2
16
32.000000 8.000000 0.000000 4.000000 512.000000 32.000000 0.000000 0.000000 256.000000 64.000000 2.000000 4.000000 128.000000 16.000000 16.000000 2.000000 
32.000000 8.000000 0.000000 4.000000 512.000000 32.000000 0.000000 0.000000 256.000000 64.000000 2.000000 4.000000 128.000000 16.000000 16.000000 2.000000 
3
32
32.000000 8.000000 4.000000 0.000000 512.000000 32.000000 2.000000 0.000000 256.000000 64.000000 2.000000 4.000000 128.000000 32.000000 2.000000 0.000000 
32.000000 8.000000 4.000000 0.000000 512.000000 32.000000 2.000000 0.000000 256.000000 64.000000 2.000000 4.000000 128.000000 32.000000 2.000000 0.000000 
2
4
32.000000 8.000000 0.000000 0.000000 512.000000 32.000000 4.000000 4.000000 256.000000 64.000000 2.000000 0.000000 128.000000 32.000000 4.000000 4.000000 
32.000000 8.000000 0.000000 0.000000 512.000000 32.000000 4.000000 4.000000 256.000000 64.000000 2.000000 0.000000 128.000000 32.000000 4.000000 4.000000 
3
16
32.000000 8.000000 0.000000 0.000000 512.000000 32.000000 8.000000 2.000000 256.000000 64.000000 2.000000 0.000000 128.000000 32.000000 8.000000 0.000000 
32.000000 8.000000 0.000000 0.000000 512.000000 32.000000 8.000000 2.000000 256.000000 64.000000 2.000000 0.000000 128.000000 32.000000 8.000000 0.000000 
1
0
32.000000 8.000000 8.000000 2.000000 512.000000 32.000000 2.000000 0.000000 256.000000 64.000000 8.000000 2.000000 128.000000 32.000000 0.000000 0.000000 
32.000000 8.000000 8.000000 2.000000 512.000000 32.000000 2.000000 0.000000 256.000000 64.000000 8.000000 2.000000 128.000000 32.000000 0.000000 0.000000 
3
16
32.000000 16.000000 2.000000 2.000000 512.000000 32.000000 2.000000 0.000000 256.000000 64.000000 8.000000 2.000000 128.000000 32.000000 0.000000 0.000000 
32.000000 16.000000 2.000000 2.000000 512.000000 32.000000 2.000000 0.000000 256.000000 64.000000 8.000000 2.000000 128.000000 32.000000 0.000000 0.000000 
1
8
32.000000 16.000000 4.000000 4.000000 512.000000 32.000000 8.000000 0.000000 256.000000 64.000000 0.000000 0.000000 128.000000 32.000000 0.000000 2.000000 
32.000000 16.000000 4.000000 4.000000 512.000000 32.000000 8.000000 0.000000 256.000000 64.000000 0.000000 0.000000 128.000000 32.000000 0.000000 2.000000 
1
0
32.000000 16.000000 4.000000 4.000000 512.000000 32.000000 8.000000 2.000000 256.000000 64.000000 2.000000 0.000000 128.000000 32.000000 0.000000 0.000000 
32.000000 16.000000 4.000000 4.000000 512.000000 32.000000 8.000000 2.000000 256.000000 64.000000 2.000000 0.000000 128.000000 32.000000 0.000000 0.000000 
2
0
32.000000 16.000000 0.000000 0.000000 512.000000 32.000000 4.000000 2.000000 256.000000 64.000000 8.000000 4.000000 128.000000 32.000000 2.000000 2.000000 
32.000000 16.000000 0.000000 0.000000 512.000000 32.000000 4.000000 2.000000 256.000000 64.000000 8.000000 4.000000 128.000000 32.000000 2.000000 2.000000 
3
4
32.000000 16.000000 0.000000 4.000000 512.000000 32.000000 4.000000 2.000000 256.000000 64.000000 8.000000 4.000000 128.000000 32.000000 4.000000 0.000000 
32.000000 16.000000 0.000000 4.000000 512.000000 32.000000 4.000000 2.000000 256.000000 64.000000 8.000000 4.000000 128.000000 32.000000 4.000000 0.000000 
3
0
32.000000 16.000000 4.000000 2.000000 512.000000 32.000000 4.000000 2.000000 256.000000 64.000000 8.000000 4.000000 128.000000 32.000000 4.000000 0.000000 
32.000000 16.000000 4.000000 2.000000 512.000000 32.000000 4.000000 2.000000 256.000000 64.000000 8.000000 4.000000 128.000000 32.000000 4.000000 0.000000 
1
12
32.000000 16.000000 8.000000 4.000000 512.000000 32.000000 8.000000 4.000000 256.000000 64.000000 4.000000 0.000000 128.000000 32.000000 0.000000 2.000000 
32.000000 16.000000 8.000000 4.000000 512.000000 32.000000 8.000000 4.000000 256.000000 64.000000 4.000000 0.000000 128.000000 32.000000 0.000000 2.000000 
1
24
32.000000 16.000000 16.000000 8.000000 512.000000 32.000000 4.000000 2.000000 256.000000 64.000000 2.000000 0.000000 128.000000 32.000000 0.000000 0.000000 
32.000000 16.000000 16.000000 8.000000 512.000000 32.000000 4.000000 2.000000 256.000000 64.000000 2.000000 0.000000 128.000000 32.000000 0.000000 0.000000 
3
32
32.000000 32.000000 8.000000 0.000000 512.000000 32.000000 4.000000 2.000000 256.000000 64.000000 2.000000 0.000000 128.000000 32.000000 2.000000 0.000000 
32.000000 32.000000 8.000000 0.000000 512.000000 32.000000 4.000000 2.000000 256.000000 64.000000 2.000000 0.000000 128.000000 32.000000 2.000000 0.000000 
2
68
32.000000 0.000000 0.000000 0.000000 512.000000 64.000000 8.000000 0.000000 256.000000 64.000000 4.000000 2.000000 128.000000 32.000000 4.000000 2.000000 
32.000000 0.000000 0.000000 0.000000 512.000000 64.000000 8.000000 0.000000 256.000000 64.000000 4.000000 2.000000 128.000000 32.000000 4.000000 2.000000 
2
140
32.000000 0.000000 0.000000 0.000000 512.000000 2.000000 0.000000 0.000000 256.000000 128.000000 8.000000 0.000000 128.000000 32.000000 8.000000 4.000000 
32.000000 0.000000 0.000000 0.000000 512.000000 2.000000 0.000000 0.000000 256.000000 128.000000 8.000000 0.000000 128.000000 32.000000 8.000000 4.000000 
2
16
32.000000 0.000000 0.000000 0.000000 512.000000 2.000000 0.000000 2.000000 256.000000 128.000000 0.000000 0.000000 128.000000 32.000000 16.000000 4.000000 
32.000000 0.000000 0.000000 0.000000 512.000000 2.000000 0.000000 2.000000 256.000000 128.000000 0.000000 0.000000 128.000000 32.000000 16.000000 4.000000 
3
4
32.000000 2.000000 0.000000 0.000000 512.000000 4.000000 0.000000 0.000000 256.000000 128.000000 0.000000 0.000000 128.000000 32.000000 16.000000 4.000000 
32.000000 2.000000 0.000000 0.000000 512.000000 4.000000 0.000000 0.000000 256.000000 128.000000 0.000000 0.000000 128.000000 32.000000 16.000000 4.000000 
1
0
32.000000 2.000000 16.000000 4.000000 512.000000 4.000000 0.000000 0.000000 256.000000 128.000000 0.000000 2.000000 128.000000 32.000000 0.000000 0.000000 
32.000000 2.000000 16.000000 4.000000 512.000000 4.000000 0.000000 0.000000 256.000000 128.000000 0.000000 2.000000 128.000000 32.000000 0.000000 0.000000 
3
0
32.000000 2.000000 16.000000 4.000000 512.000000 4.000000 0.000000 0.000000 256.000000 128.000000 2.000000 0.000000 128.000000 32.000000 2.000000 0.000000 
32.000000 2.000000 16.000000 4.000000 512.000000 4.000000 0.000000 0.000000 256.000000 128.000000 2.000000 0.000000 128.000000 32.000000 2.000000 0.000000 
2
4
32.000000 2.000000 2.000000 0.000000 512.000000 4.000000 0.000000 0.000000 256.000000 128.000000 16.000000 0.000000 128.000000 32.000000 4.000000 4.000000 
32.000000 2.000000 2.000000 0.000000 512.000000 4.000000 0.000000 0.000000 256.000000 128.000000 16.000000 0.000000 128.000000 32.000000 4.000000 4.000000 
3
12
32.000000 4.000000 4.000000 0.000000 512.000000 4.000000 0.000000 0.000000 256.000000 128.000000 16.000000 0.000000 128.000000 32.000000 8.000000 0.000000 
32.000000 4.000000 4.000000 0.000000 512.000000 4.000000 0.000000 0.000000 256.000000 128.000000 16.000000 0.000000 128.000000 32.000000 8.000000 0.000000 
2
8
32.000000 0.000000 0.000000 2.000000 512.000000 8.000000 4.000000 0.000000 256.000000 128.000000 16.000000 0.000000 128.000000 32.000000 8.000000 0.000000 
32.000000 0.000000 0.000000 2.000000 512.000000 8.000000 4.000000 0.000000 256.000000 128.000000 16.000000 0.000000 128.000000 32.000000 8.000000 0.000000 
3
0
32.000000 2.000000 0.000000 2.000000 512.000000 8.000000 4.000000 0.000000 256.000000 128.000000 16.000000 0.000000 128.000000 32.000000 8.000000 0.000000 
32.000000 2.000000 0.000000 2.000000 512.000000 8.000000 4.000000 0.000000 256.000000 128.000000 16.000000 0.000000 128.000000 32.000000 8.000000 0.000000 
3
4
32.000000 4.000000 2.000000 0.000000 512.000000 8.000000 4.000000 0.000000 256.000000 128.000000 16.000000 0.000000 128.000000 32.000000 8.000000 0.000000 
32.000000 4.000000 2.000000 0.000000 512.000000 8.000000 4.000000 0.000000 256.000000 128.000000 16.000000 0.000000 128.000000 32.000000 8.000000 0.000000 
4
0
0.000000 32.000000 4.000000 2.000000 2.000000 512.000000 8.000000 4.000000 0.000000 256.000000 128.000000 16.000000 0.000000 128.000000 32.000000 8.000000 
0.000000 32.000000 4.000000 2.000000 2.000000 512.000000 8.000000 4.000000 0.000000 256.000000 128.000000 16.000000 0.000000 128.000000 32.000000 8.000000 
1
0
2.000000 32.000000 4.000000 2.000000 0.000000 512.000000 8.000000 4.000000 0.000000 256.000000 128.000000 16.000000 2.000000 128.000000 32.000000 8.000000 
2.000000 32.000000 4.000000 2.000000 0.000000 512.000000 8.000000 4.000000 0.000000 256.000000 128.000000 16.000000 2.000000 128.000000 32.000000 8.000000 
1
4
4.000000 32.000000 4.000000 2.000000 0.000000 512.000000 8.000000 4.000000 0.000000 256.000000 128.000000 16.000000 2.000000 128.000000 32.000000 8.000000 
4.000000 32.000000 4.000000 2.000000 0.000000 512.000000 8.000000 4.000000 0.000000 256.000000 128.000000 16.000000 2.000000 128.000000 32.000000 8.000000 
1
0
4.000000 32.000000 4.000000 2.000000 2.000000 512.000000 8.000000 4.000000 2.000000 256.000000 128.000000 16.000000 0.000000 128.000000 32.000000 8.000000 
4.000000 32.000000 4.000000 2.000000 2.000000 512.000000 8.000000 4.000000 2.000000 256.000000 128.000000 16.000000 0.000000 128.000000 32.000000 8.000000 
1
4
4.000000 32.000000 4.000000 2.000000 4.000000 512.000000 8.000000 4.000000 0.000000 256.000000 128.000000 16.000000 2.000000 128.000000 32.000000 8.000000 
4.000000 32.000000 4.000000 2.000000 4.000000 512.000000 8.000000 4.000000 0.000000 256.000000 128.000000 16.000000 2.000000 128.000000 32.000000 8.000000 
1
8
8.000000 32.000000 4.000000 2.000000 2.000000 512.000000 8.000000 4.000000 0.000000 256.000000 128.000000 16.000000 2.000000 128.000000 32.000000 8.000000 
8.000000 32.000000 4.000000 2.000000 2.000000 512.000000 8.000000 4.000000 0.000000 256.000000 128.000000 16.000000 2.000000 128.000000 32.000000 8.000000 
1
4
8.000000 32.000000 4.000000 2.000000 4.000000 512.000000 8.000000 4.000000 2.000000 256.000000 128.000000 16.000000 0.000000 128.000000 32.000000 8.000000 
8.000000 32.000000 4.000000 2.000000 4.000000 512.000000 8.000000 4.000000 2.000000 256.000000 128.000000 16.000000 0.000000 128.000000 32.000000 8.000000 
3
-100
8.000000 32.000000 4.000000 2.000000 4.000000 512.000000 8.000000 4.000000 2.000000 256.000000 128.000000 16.000000 128.000000 32.000000 8.000000 2.000000 
