512.000000 4.000000 2.000000 0.000000 256.000000 8.000000 2.000000 0.000000 4.000000 0.000000 0.000000 0.000000 0.000000 0.000000 0.000000 0.000000 
1
4
512.000000 4.000000 4.000000 0.000000 256.000000 8.000000 0.000000 0.000000 4.000000 0.000000 0.000000 0.000000 0.000000 2.000000 0.000000 0.000000 
512.000000 4.000000 4.000000 0.000000 256.000000 8.000000 0.000000 0.000000 4.000000 0.000000 0.000000 0.000000 0.000000 2.000000 0.000000 0.000000 
3
8
512.000000 8.000000 0.000000 0.000000 256.000000 8.000000 0.000000 2.000000 4.000000 0.000000 0.000000 0.000000 2.000000 0.000000 0.000000 0.000000 
512.000000 8.000000 0.000000 0.000000 256.000000 8.000000 0.000000 2.000000 4.000000 0.000000 0.000000 0.000000 2.000000 0.000000 0.000000 0.000000 
1
16
512.000000 16.000000 2.000000 2.000000 256.000000 0.000000 0.000000 0.000000 4.000000 0.000000 0.000000 0.000000 2.000000 0.000000 0.000000 0.000000 
512.000000 16.000000 2.000000 2.000000 256.000000 0.000000 0.000000 0.000000 4.000000 0.000000 0.000000 0.000000 2.000000 0.000000 0.000000 0.000000 
3
4
512.000000 16.000000 4.000000 0.000000 256.000000 0.000000 0.000000 0.000000 4.000000 2.000000 0.000000 0.000000 2.000000 0.000000 0.000000 0.000000 
512.000000 16.000000 4.000000 0.000000 256.000000 0.000000 0.000000 0.000000 4.000000 2.000000 0.000000 0.000000 2.000000 0.000000 0.000000 0.000000 
2
0
512.000000 0.000000 0.000000 0.000000 256.000000 0.000000 0.000000 0.000000 4.000000 16.000000 0.000000 0.000000 2.000000 2.000000 4.000000 2.000000 
512.000000 0.000000 0.000000 0.000000 256.000000 0.000000 0.000000 0.000000 4.000000 16.000000 0.000000 0.000000 2.000000 2.000000 4.000000 2.000000 
3
4
512.000000 2.000000 0.000000 0.000000 256.000000 0.000000 0.000000 0.000000 4.000000 16.000000 0.000000 0.000000 4.000000 4.000000 2.000000 0.000000 
512.000000 2.000000 0.000000 0.000000 256.000000 0.000000 0.000000 0.000000 4.000000 16.000000 0.000000 0.000000 4.000000 4.000000 2.000000 0.000000 
1
8
512.000000 2.000000 2.000000 0.000000 256.000000 16.000000 0.000000 0.000000 8.000000 4.000000 0.000000 0.000000 0.000000 2.000000 0.000000 0.000000 
512.000000 2.000000 2.000000 0.000000 256.000000 16.000000 0.000000 0.000000 8.000000 4.000000 0.000000 0.000000 0.000000 2.000000 0.000000 0.000000 
3
4
512.000000 4.000000 2.000000 0.000000 256.000000 16.000000 0.000000 0.000000 8.000000 4.000000 0.000000 0.000000 2.000000 0.000000 0.000000 0.000000 
512.000000 4.000000 2.000000 0.000000 256.000000 16.000000 0.000000 0.000000 8.000000 4.000000 0.000000 0.000000 2.000000 0.000000 0.000000 0.000000 
2
0
512.000000 0.000000 0.000000 0.000000 256.000000 4.000000 0.000000 0.000000 8.000000 16.000000 0.000000 0.000000 2.000000 4.000000 2.000000 2.000000 
512.000000 0.000000 0.000000 0.000000 256.000000 4.000000 0.000000 0.000000 8.000000 16.000000 0.000000 0.000000 2.000000 4.000000 2.000000 2.000000 
3
4
512.000000 4.000000 0.000000 0.000000 256.000000 4.000000 0.000000 0.000000 8.000000 16.000000 0.000000 0.000000 2.000000 4.000000 4.000000 0.000000 
512.000000 4.000000 0.000000 0.000000 256.000000 4.000000 0.000000 0.000000 8.000000 16.000000 0.000000 0.000000 2.000000 4.000000 4.000000 0.000000 
3
8
512.000000 4.000000 0.000000 0.000000 256.000000 4.000000 0.000000 0.000000 8.000000 16.000000 0.000000 0.000000 2.000000 8.000000 0.000000 2.000000 
512.000000 4.000000 0.000000 0.000000 256.000000 4.000000 0.000000 0.000000 8.000000 16.000000 0.000000 0.000000 2.000000 8.000000 0.000000 2.000000 
1
8
512.000000 8.000000 0.000000 2.000000 256.000000 16.000000 0.000000 0.000000 8.000000 8.000000 0.000000 0.000000 2.000000 2.000000 0.000000 0.000000 
512.000000 8.000000 0.000000 2.000000 256.000000 16.000000 0.000000 0.000000 8.000000 8.000000 0.000000 0.000000 2.000000 2.000000 0.000000 0.000000 
2
0
512.000000 8.000000 0.000000 2.000000 256.000000 16.000000 0.000000 0.000000 8.000000 8.000000 0.000000 0.000000 2.000000 2.000000 0.000000 2.000000 
512.000000 8.000000 0.000000 2.000000 256.000000 16.000000 0.000000 0.000000 8.000000 8.000000 0.000000 0.000000 2.000000 2.000000 0.000000 2.000000 
3
20
512.000000 8.000000 2.000000 0.000000 256.000000 16.000000 0.000000 0.000000 16.000000 2.000000 0.000000 0.000000 4.000000 2.000000 0.000000 0.000000 
512.000000 8.000000 2.000000 0.000000 256.000000 16.000000 0.000000 0.000000 16.000000 2.000000 0.000000 0.000000 4.000000 2.000000 0.000000 0.000000 
2
4
512.000000 2.000000 0.000000 0.000000 256.000000 8.000000 0.000000 0.000000 16.000000 16.000000 0.000000 0.000000 4.000000 4.000000 2.000000 0.000000 
512.000000 2.000000 0.000000 0.000000 256.000000 8.000000 0.000000 0.000000 16.000000 16.000000 0.000000 0.000000 4.000000 4.000000 2.000000 0.000000 
3
40
512.000000 2.000000 0.000000 0.000000 256.000000 8.000000 0.000000 0.000000 32.000000 0.000000 0.000000 0.000000 8.000000 2.000000 2.000000 0.000000 
512.000000 2.000000 0.000000 0.000000 256.000000 8.000000 0.000000 0.000000 32.000000 0.000000 0.000000 0.000000 8.000000 2.000000 2.000000 0.000000 
3
4
512.000000 2.000000 0.000000 0.000000 256.000000 8.000000 0.000000 0.000000 32.000000 0.000000 2.000000 0.000000 8.000000 4.000000 0.000000 0.000000 
512.000000 2.000000 0.000000 0.000000 256.000000 8.000000 0.000000 0.000000 32.000000 0.000000 2.000000 0.000000 8.000000 4.000000 0.000000 0.000000 
2
0
512.000000 0.000000 0.000000 2.000000 256.000000 2.000000 0.000000 0.000000 32.000000 8.000000 0.000000 0.000000 8.000000 4.000000 2.000000 0.000000 
512.000000 0.000000 0.000000 2.000000 256.000000 2.000000 0.000000 0.000000 32.000000 8.000000 0.000000 0.000000 8.000000 4.000000 2.000000 0.000000 
2
0
512.000000 2.000000 0.000000 0.000000 256.000000 2.000000 0.000000 0.000000 32.000000 8.000000 0.000000 0.000000 8.000000 4.000000 2.000000 2.000000 
512.000000 2.000000 0.000000 0.000000 256.000000 2.000000 0.000000 0.000000 32.000000 8.000000 0.000000 0.000000 8.000000 4.000000 2.000000 2.000000 
3
4
512.000000 2.000000 2.000000 0.000000 256.000000 2.000000 0.000000 0.000000 32.000000 8.000000 0.000000 0.000000 8.000000 4.000000 4.000000 0.000000 
512.000000 2.000000 2.000000 0.000000 256.000000 2.000000 0.000000 0.000000 32.000000 8.000000 0.000000 0.000000 8.000000 4.000000 4.000000 0.000000 
3
12
512.000000 4.000000 0.000000 0.000000 256.000000 2.000000 0.000000 0.000000 32.000000 8.000000 0.000000 0.000000 8.000000 8.000000 0.000000 2.000000 
512.000000 4.000000 0.000000 0.000000 256.000000 2.000000 0.000000 0.000000 32.000000 8.000000 0.000000 0.000000 8.000000 8.000000 0.000000 2.000000 
3
16
512.000000 4.000000 0.000000 2.000000 256.000000 2.000000 0.000000 0.000000 32.000000 8.000000 0.000000 0.000000 16.000000 2.000000 0.000000 0.000000 
512.000000 4.000000 0.000000 2.000000 256.000000 2.000000 0.000000 0.000000 32.000000 8.000000 0.000000 0.000000 16.000000 2.000000 0.000000 0.000000 
2
0
512.000000 4.000000 0.000000 0.000000 256.000000 2.000000 2.000000 0.000000 32.000000 8.000000 0.000000 0.000000 16.000000 2.000000 0.000000 2.000000 
512.000000 4.000000 0.000000 0.000000 256.000000 2.000000 2.000000 0.000000 32.000000 8.000000 0.000000 0.000000 16.000000 2.000000 0.000000 2.000000 
3
8
512.000000 4.000000 0.000000 0.000000 256.000000 4.000000 0.000000 0.000000 32.000000 8.000000 2.000000 0.000000 16.000000 4.000000 0.000000 0.000000 
512.000000 4.000000 0.000000 0.000000 256.000000 4.000000 0.000000 0.000000 32.000000 8.000000 2.000000 0.000000 16.000000 4.000000 0.000000 0.000000 
2
8
512.000000 0.000000 0.000000 2.000000 256.000000 8.000000 0.000000 0.000000 32.000000 8.000000 0.000000 0.000000 16.000000 4.000000 2.000000 0.000000 
512.000000 0.000000 0.000000 2.000000 256.000000 8.000000 0.000000 0.000000 32.000000 8.000000 0.000000 0.000000 16.000000 4.000000 2.000000 0.000000 
2
16
512.000000 0.000000 2.000000 0.000000 256.000000 0.000000 0.000000 0.000000 32.000000 16.000000 0.000000 0.000000 16.000000 4.000000 2.000000 2.000000 
512.000000 0.000000 2.000000 0.000000 256.000000 0.000000 0.000000 0.000000 32.000000 16.000000 0.000000 0.000000 16.000000 4.000000 2.000000 2.000000 
3
4
512.000000 2.000000 0.000000 0.000000 256.000000 0.000000 0.000000 2.000000 32.000000 16.000000 0.000000 0.000000 16.000000 4.000000 4.000000 0.000000 
512.000000 2.000000 0.000000 0.000000 256.000000 0.000000 0.000000 2.000000 32.000000 16.000000 0.000000 0.000000 16.000000 4.000000 4.000000 0.000000 
3
8
512.000000 2.000000 0.000000 0.000000 256.000000 2.000000 0.000000 0.000000 32.000000 16.000000 2.000000 0.000000 16.000000 8.000000 0.000000 0.000000 
512.000000 2.000000 0.000000 0.000000 256.000000 2.000000 0.000000 0.000000 32.000000 16.000000 2.000000 0.000000 16.000000 8.000000 0.000000 0.000000 
2
4
512.000000 0.000000 0.000000 0.000000 256.000000 4.000000 0.000000 4.000000 32.000000 16.000000 0.000000 0.000000 16.000000 8.000000 2.000000 0.000000 
512.000000 0.000000 0.000000 0.000000 256.000000 4.000000 0.000000 4.000000 32.000000 16.000000 0.000000 0.000000 16.000000 8.000000 2.000000 0.000000 
3
8
512.000000 0.000000 0.000000 2.000000 256.000000 8.000000 0.000000 0.000000 32.000000 16.000000 0.000000 0.000000 16.000000 8.000000 2.000000 0.000000 
512.000000 0.000000 0.000000 2.000000 256.000000 8.000000 0.000000 0.000000 32.000000 16.000000 0.000000 0.000000 16.000000 8.000000 2.000000 0.000000 
2
0
512.000000 0.000000 0.000000 0.000000 256.000000 8.000000 0.000000 0.000000 32.000000 16.000000 2.000000 0.000000 16.000000 8.000000 2.000000 2.000000 
512.000000 0.000000 0.000000 0.000000 256.000000 8.000000 0.000000 0.000000 32.000000 16.000000 2.000000 0.000000 16.000000 8.000000 2.000000 2.000000 
3
4
512.000000 0.000000 0.000000 0.000000 256.000000 8.000000 0.000000 0.000000 32.000000 16.000000 2.000000 2.000000 16.000000 8.000000 4.000000 0.000000 
512.000000 0.000000 0.000000 0.000000 256.000000 8.000000 0.000000 0.000000 32.000000 16.000000 2.000000 2.000000 16.000000 8.000000 4.000000 0.000000 
3
4
512.000000 0.000000 2.000000 0.000000 256.000000 8.000000 0.000000 0.000000 32.000000 16.000000 4.000000 0.000000 16.000000 8.000000 4.000000 0.000000 
512.000000 0.000000 2.000000 0.000000 256.000000 8.000000 0.000000 0.000000 32.000000 16.000000 4.000000 0.000000 16.000000 8.000000 4.000000 0.000000 
2
8
512.000000 2.000000 0.000000 0.000000 256.000000 8.000000 0.000000 0.000000 32.000000 16.000000 2.000000 0.000000 16.000000 8.000000 8.000000 0.000000 
512.000000 2.000000 0.000000 0.000000 256.000000 8.000000 0.000000 0.000000 32.000000 16.000000 2.000000 0.000000 16.000000 8.000000 8.000000 0.000000 
3
16
512.000000 2.000000 0.000000 0.000000 256.000000 8.000000 2.000000 0.000000 32.000000 16.000000 2.000000 0.000000 16.000000 16.000000 0.000000 0.000000 
512.000000 2.000000 0.000000 0.000000 256.000000 8.000000 2.000000 0.000000 32.000000 16.000000 2.000000 0.000000 16.000000 16.000000 0.000000 0.000000 
3
32
512.000000 2.000000 2.000000 0.000000 256.000000 8.000000 2.000000 0.000000 32.000000 16.000000 2.000000 0.000000 32.000000 0.000000 0.000000 0.000000 
512.000000 2.000000 2.000000 0.000000 256.000000 8.000000 2.000000 0.000000 32.000000 16.000000 2.000000 0.000000 32.000000 0.000000 0.000000 0.000000 
1
68
512.000000 2.000000 4.000000 0.000000 256.000000 8.000000 2.000000 0.000000 64.000000 16.000000 0.000000 2.000000 0.000000 0.000000 0.000000 0.000000 
512.000000 2.000000 4.000000 0.000000 256.000000 8.000000 2.000000 0.000000 64.000000 16.000000 0.000000 2.000000 0.000000 0.000000 0.000000 0.000000 
2
0
2.000000 0.000000 0.000000 0.000000 512.000000 2.000000 0.000000 0.000000 256.000000 8.000000 4.000000 0.000000 64.000000 16.000000 2.000000 2.000000 
2.000000 0.000000 0.000000 0.000000 512.000000 2.000000 0.000000 0.000000 256.000000 8.000000 4.000000 0.000000 64.000000 16.000000 2.000000 2.000000 
1
0
2.000000 2.000000 4.000000 2.000000 512.000000 8.000000 2.000000 0.000000 256.000000 16.000000 0.000000 0.000000 64.000000 0.000000 0.000000 2.000000 
2.000000 2.000000 4.000000 2.000000 512.000000 8.000000 2.000000 0.000000 256.000000 16.000000 0.000000 0.000000 64.000000 0.000000 0.000000 2.000000 
3
4
4.000000 4.000000 2.000000 0.000000 512.000000 8.000000 2.000000 0.000000 256.000000 16.000000 0.000000 0.000000 64.000000 2.000000 0.000000 2.000000 
4.000000 4.000000 2.000000 0.000000 512.000000 8.000000 2.000000 0.000000 256.000000 16.000000 0.000000 0.000000 64.000000 2.000000 0.000000 2.000000 
3
12
8.000000 2.000000 0.000000 0.000000 512.000000 8.000000 2.000000 0.000000 256.000000 16.000000 0.000000 0.000000 64.000000 4.000000 0.000000 2.000000 
8.000000 2.000000 0.000000 0.000000 512.000000 8.000000 2.000000 0.000000 256.000000 16.000000 0.000000 0.000000 64.000000 4.000000 0.000000 2.000000 
1
0
8.000000 2.000000 2.000000 2.000000 512.000000 8.000000 0.000000 0.000000 256.000000 16.000000 0.000000 2.000000 64.000000 4.000000 0.000000 0.000000 
8.000000 2.000000 2.000000 2.000000 512.000000 8.000000 0.000000 0.000000 256.000000 16.000000 0.000000 2.000000 64.000000 4.000000 0.000000 0.000000 
3
4
8.000000 4.000000 2.000000 0.000000 512.000000 8.000000 0.000000 0.000000 256.000000 16.000000 2.000000 0.000000 64.000000 4.000000 0.000000 2.000000 
8.000000 4.000000 2.000000 0.000000 512.000000 8.000000 0.000000 0.000000 256.000000 16.000000 2.000000 0.000000 64.000000 4.000000 0.000000 2.000000 
3
0
8.000000 4.000000 2.000000 4.000000 512.000000 8.000000 0.000000 0.000000 256.000000 16.000000 2.000000 0.000000 64.000000 4.000000 2.000000 0.000000 
8.000000 4.000000 2.000000 4.000000 512.000000 8.000000 0.000000 0.000000 256.000000 16.000000 2.000000 0.000000 64.000000 4.000000 2.000000 0.000000 
1
4
8.000000 4.000000 4.000000 4.000000 512.000000 8.000000 2.000000 0.000000 256.000000 16.000000 2.000000 0.000000 64.000000 4.000000 0.000000 0.000000 
8.000000 4.000000 4.000000 4.000000 512.000000 8.000000 2.000000 0.000000 256.000000 16.000000 2.000000 0.000000 64.000000 4.000000 0.000000 0.000000 
3
8
8.000000 8.000000 4.000000 0.000000 512.000000 8.000000 2.000000 0.000000 256.000000 16.000000 2.000000 0.000000 64.000000 4.000000 2.000000 0.000000 
8.000000 8.000000 4.000000 0.000000 512.000000 8.000000 2.000000 0.000000 256.000000 16.000000 2.000000 0.000000 64.000000 4.000000 2.000000 0.000000 
3
16
16.000000 4.000000 2.000000 0.000000 512.000000 8.000000 2.000000 0.000000 256.000000 16.000000 2.000000 0.000000 64.000000 4.000000 2.000000 0.000000 
16.000000 4.000000 2.000000 0.000000 512.000000 8.000000 2.000000 0.000000 256.000000 16.000000 2.000000 0.000000 64.000000 4.000000 2.000000 0.000000 
1
8
16.000000 4.000000 4.000000 2.000000 512.000000 8.000000 4.000000 0.000000 256.000000 16.000000 0.000000 0.000000 64.000000 4.000000 0.000000 0.000000 
16.000000 4.000000 4.000000 2.000000 512.000000 8.000000 4.000000 0.000000 256.000000 16.000000 0.000000 0.000000 64.000000 4.000000 0.000000 0.000000 
3
8
16.000000 8.000000 2.000000 0.000000 512.000000 8.000000 4.000000 0.000000 256.000000 16.000000 0.000000 0.000000 64.000000 4.000000 2.000000 0.000000 
16.000000 8.000000 2.000000 0.000000 512.000000 8.000000 4.000000 0.000000 256.000000 16.000000 0.000000 0.000000 64.000000 4.000000 2.000000 0.000000 
1
16
16.000000 16.000000 2.000000 0.000000 512.000000 16.000000 4.000000 0.000000 256.000000 4.000000 2.000000 2.000000 64.000000 0.000000 0.000000 0.000000 
16.000000 16.000000 2.000000 0.000000 512.000000 16.000000 4.000000 0.000000 256.000000 4.000000 2.000000 2.000000 64.000000 0.000000 0.000000 0.000000 
3
36
32.000000 2.000000 0.000000 0.000000 512.000000 16.000000 4.000000 0.000000 256.000000 4.000000 4.000000 0.000000 64.000000 0.000000 2.000000 0.000000 
32.000000 2.000000 0.000000 0.000000 512.000000 16.000000 4.000000 0.000000 256.000000 4.000000 4.000000 0.000000 64.000000 0.000000 2.000000 0.000000 
3
8
32.000000 2.000000 0.000000 0.000000 512.000000 16.000000 4.000000 0.000000 256.000000 8.000000 0.000000 4.000000 64.000000 2.000000 0.000000 0.000000 
32.000000 2.000000 0.000000 0.000000 512.000000 16.000000 4.000000 0.000000 256.000000 8.000000 0.000000 4.000000 64.000000 2.000000 0.000000 0.000000 
2
0
32.000000 2.000000 0.000000 0.000000 512.000000 16.000000 0.000000 0.000000 256.000000 8.000000 0.000000 2.000000 64.000000 2.000000 4.000000 4.000000 
32.000000 2.000000 0.000000 0.000000 512.000000 16.000000 0.000000 0.000000 256.000000 8.000000 0.000000 2.000000 64.000000 2.000000 4.000000 4.000000 
3
8
32.000000 2.000000 0.000000 2.000000 512.000000 16.000000 0.000000 0.000000 256.000000 8.000000 2.000000 0.000000 64.000000 2.000000 8.000000 0.000000 
32.000000 2.000000 0.000000 2.000000 512.000000 16.000000 0.000000 0.000000 256.000000 8.000000 2.000000 0.000000 64.000000 2.000000 8.000000 0.000000 
3
4
32.000000 4.000000 2.000000 0.000000 512.000000 16.000000 0.000000 0.000000 256.000000 8.000000 2.000000 0.000000 64.000000 2.000000 8.000000 0.000000 
32.000000 4.000000 2.000000 0.000000 512.000000 16.000000 0.000000 0.000000 256.000000 8.000000 2.000000 0.000000 64.000000 2.000000 8.000000 0.000000 
1
4
32.000000 4.000000 4.000000 0.000000 512.000000 16.000000 8.000000 0.000000 256.000000 8.000000 0.000000 0.000000 64.000000 2.000000 0.000000 2.000000 
32.000000 4.000000 4.000000 0.000000 512.000000 16.000000 8.000000 0.000000 256.000000 8.000000 0.000000 0.000000 64.000000 2.000000 0.000000 2.000000 
3
12
32.000000 8.000000 0.000000 0.000000 512.000000 16.000000 8.000000 0.000000 256.000000 8.000000 2.000000 0.000000 64.000000 4.000000 0.000000 0.000000 
32.000000 8.000000 0.000000 0.000000 512.000000 16.000000 8.000000 0.000000 256.000000 8.000000 2.000000 0.000000 64.000000 4.000000 0.000000 0.000000 
1
0
32.000000 8.000000 8.000000 0.000000 512.000000 16.000000 2.000000 0.000000 256.000000 8.000000 0.000000 2.000000 64.000000 4.000000 0.000000 0.000000 
32.000000 8.000000 8.000000 0.000000 512.000000 16.000000 2.000000 0.000000 256.000000 8.000000 0.000000 2.000000 64.000000 4.000000 0.000000 0.000000 
3
16
32.000000 16.000000 0.000000 0.000000 512.000000 16.000000 2.000000 0.000000 256.000000 8.000000 2.000000 0.000000 64.000000 4.000000 2.000000 0.000000 
32.000000 16.000000 0.000000 0.000000 512.000000 16.000000 2.000000 0.000000 256.000000 8.000000 2.000000 0.000000 64.000000 4.000000 2.000000 0.000000 
1
36
32.000000 32.000000 4.000000 0.000000 512.000000 8.000000 2.000000 0.000000 256.000000 4.000000 4.000000 0.000000 64.000000 0.000000 0.000000 0.000000 
32.000000 32.000000 4.000000 0.000000 512.000000 8.000000 2.000000 0.000000 256.000000 4.000000 4.000000 0.000000 64.000000 0.000000 0.000000 0.000000 
3
72
64.000000 4.000000 0.000000 0.000000 512.000000 8.000000 2.000000 0.000000 256.000000 8.000000 0.000000 2.000000 64.000000 0.000000 0.000000 0.000000 
64.000000 4.000000 0.000000 0.000000 512.000000 8.000000 2.000000 0.000000 256.000000 8.000000 0.000000 2.000000 64.000000 0.000000 0.000000 0.000000 
2
16
64.000000 0.000000 0.000000 2.000000 512.000000 0.000000 0.000000 0.000000 256.000000 4.000000 0.000000 0.000000 64.000000 16.000000 2.000000 2.000000 
64.000000 0.000000 0.000000 2.000000 512.000000 0.000000 0.000000 0.000000 256.000000 4.000000 0.000000 0.000000 64.000000 16.000000 2.000000 2.000000 
3
4
64.000000 2.000000 0.000000 0.000000 512.000000 0.000000 2.000000 0.000000 256.000000 4.000000 0.000000 0.000000 64.000000 16.000000 4.000000 0.000000 
64.000000 2.000000 0.000000 0.000000 512.000000 0.000000 2.000000 0.000000 256.000000 4.000000 0.000000 0.000000 64.000000 16.000000 4.000000 0.000000 
3
0
64.000000 2.000000 0.000000 0.000000 512.000000 2.000000 0.000000 0.000000 256.000000 4.000000 0.000000 0.000000 64.000000 16.000000 4.000000 2.000000 
64.000000 2.000000 0.000000 0.000000 512.000000 2.000000 0.000000 0.000000 256.000000 4.000000 0.000000 0.000000 64.000000 16.000000 4.000000 2.000000 
1
4
64.000000 4.000000 4.000000 2.000000 512.000000 4.000000 2.000000 0.000000 256.000000 16.000000 0.000000 0.000000 64.000000 0.000000 0.000000 0.000000 
64.000000 4.000000 4.000000 2.000000 512.000000 4.000000 2.000000 0.000000 256.000000 16.000000 0.000000 0.000000 64.000000 0.000000 0.000000 0.000000 
1
8
64.000000 8.000000 4.000000 2.000000 512.000000 16.000000 2.000000 0.000000 256.000000 0.000000 0.000000 0.000000 64.000000 0.000000 2.000000 0.000000 
64.000000 8.000000 4.000000 2.000000 512.000000 16.000000 2.000000 0.000000 256.000000 0.000000 0.000000 0.000000 64.000000 0.000000 2.000000 0.000000 
3
0
64.000000 8.000000 4.000000 2.000000 512.000000 16.000000 2.000000 0.000000 256.000000 0.000000 0.000000 0.000000 64.000000 2.000000 4.000000 0.000000 
64.000000 8.000000 4.000000 2.000000 512.000000 16.000000 2.000000 0.000000 256.000000 0.000000 0.000000 0.000000 64.000000 2.000000 4.000000 0.000000 
2
0
64.000000 0.000000 0.000000 2.000000 512.000000 8.000000 4.000000 0.000000 256.000000 16.000000 2.000000 0.000000 64.000000 2.000000 4.000000 2.000000 
64.000000 0.000000 0.000000 2.000000 512.000000 8.000000 4.000000 0.000000 256.000000 16.000000 2.000000 0.000000 64.000000 2.000000 4.000000 2.000000 
1
4
64.000000 8.000000 4.000000 4.000000 512.000000 16.000000 2.000000 2.000000 256.000000 2.000000 4.000000 0.000000 64.000000 0.000000 0.000000 0.000000 
64.000000 8.000000 4.000000 4.000000 512.000000 16.000000 2.000000 2.000000 256.000000 2.000000 4.000000 0.000000 64.000000 0.000000 0.000000 0.000000 
3
12
64.000000 8.000000 8.000000 0.000000 512.000000 16.000000 4.000000 0.000000 256.000000 2.000000 4.000000 0.000000 64.000000 2.000000 0.000000 0.000000 
64.000000 8.000000 8.000000 0.000000 512.000000 16.000000 4.000000 0.000000 256.000000 2.000000 4.000000 0.000000 64.000000 2.000000 0.000000 0.000000 
3
16
64.000000 16.000000 0.000000 0.000000 512.000000 16.000000 4.000000 2.000000 256.000000 2.000000 4.000000 0.000000 64.000000 2.000000 0.000000 0.000000 
64.000000 16.000000 0.000000 0.000000 512.000000 16.000000 4.000000 2.000000 256.000000 2.000000 4.000000 0.000000 64.000000 2.000000 0.000000 0.000000 
1
44
64.000000 32.000000 8.000000 2.000000 512.000000 4.000000 0.000000 0.000000 256.000000 2.000000 0.000000 0.000000 64.000000 0.000000 0.000000 0.000000 
64.000000 32.000000 8.000000 2.000000 512.000000 4.000000 0.000000 0.000000 256.000000 2.000000 0.000000 0.000000 64.000000 0.000000 0.000000 0.000000 
2
0
64.000000 0.000000 0.000000 0.000000 512.000000 32.000000 2.000000 0.000000 256.000000 4.000000 0.000000 0.000000 64.000000 2.000000 8.000000 2.000000 
64.000000 0.000000 0.000000 0.000000 512.000000 32.000000 2.000000 0.000000 256.000000 4.000000 0.000000 0.000000 64.000000 2.000000 8.000000 2.000000 
1
0
64.000000 32.000000 2.000000 2.000000 512.000000 4.000000 8.000000 0.000000 256.000000 2.000000 0.000000 2.000000 64.000000 0.000000 0.000000 0.000000 
64.000000 32.000000 2.000000 2.000000 512.000000 4.000000 8.000000 0.000000 256.000000 2.000000 0.000000 2.000000 64.000000 0.000000 0.000000 0.000000 
3
8
64.000000 32.000000 4.000000 0.000000 512.000000 4.000000 8.000000 0.000000 256.000000 4.000000 0.000000 0.000000 64.000000 0.000000 2.000000 0.000000 
64.000000 32.000000 4.000000 0.000000 512.000000 4.000000 8.000000 0.000000 256.000000 4.000000 0.000000 0.000000 64.000000 0.000000 2.000000 0.000000 
2
8
64.000000 0.000000 2.000000 0.000000 512.000000 0.000000 4.000000 0.000000 256.000000 32.000000 8.000000 0.000000 64.000000 8.000000 2.000000 0.000000 
64.000000 0.000000 2.000000 0.000000 512.000000 0.000000 4.000000 0.000000 256.000000 32.000000 8.000000 0.000000 64.000000 8.000000 2.000000 0.000000 
3
0
64.000000 2.000000 0.000000 0.000000 512.000000 4.000000 0.000000 2.000000 256.000000 32.000000 8.000000 0.000000 64.000000 8.000000 2.000000 0.000000 
64.000000 2.000000 0.000000 0.000000 512.000000 4.000000 0.000000 2.000000 256.000000 32.000000 8.000000 0.000000 64.000000 8.000000 2.000000 0.000000 
3
0
64.000000 2.000000 0.000000 0.000000 512.000000 4.000000 2.000000 0.000000 256.000000 32.000000 8.000000 0.000000 64.000000 8.000000 2.000000 2.000000 
64.000000 2.000000 0.000000 0.000000 512.000000 4.000000 2.000000 0.000000 256.000000 32.000000 8.000000 0.000000 64.000000 8.000000 2.000000 2.000000 
1
0
64.000000 2.000000 2.000000 2.000000 512.000000 4.000000 8.000000 0.000000 256.000000 32.000000 2.000000 2.000000 64.000000 8.000000 0.000000 0.000000 
64.000000 2.000000 2.000000 2.000000 512.000000 4.000000 8.000000 0.000000 256.000000 32.000000 2.000000 2.000000 64.000000 8.000000 0.000000 0.000000 
3
8
64.000000 4.000000 2.000000 2.000000 512.000000 4.000000 8.000000 0.000000 256.000000 32.000000 4.000000 0.000000 64.000000 8.000000 0.000000 0.000000 
64.000000 4.000000 2.000000 2.000000 512.000000 4.000000 8.000000 0.000000 256.000000 32.000000 4.000000 0.000000 64.000000 8.000000 0.000000 0.000000 
2
8
64.000000 0.000000 0.000000 0.000000 512.000000 8.000000 2.000000 2.000000 256.000000 32.000000 8.000000 0.000000 64.000000 8.000000 4.000000 2.000000 
64.000000 0.000000 0.000000 0.000000 512.000000 8.000000 2.000000 2.000000 256.000000 32.000000 8.000000 0.000000 64.000000 8.000000 4.000000 2.000000 
1
4
64.000000 8.000000 2.000000 4.000000 512.000000 32.000000 8.000000 0.000000 256.000000 8.000000 4.000000 0.000000 64.000000 0.000000 2.000000 0.000000 
64.000000 8.000000 2.000000 4.000000 512.000000 32.000000 8.000000 0.000000 256.000000 8.000000 4.000000 0.000000 64.000000 0.000000 2.000000 0.000000 
3
0
64.000000 8.000000 2.000000 4.000000 512.000000 32.000000 8.000000 0.000000 256.000000 8.000000 4.000000 0.000000 64.000000 2.000000 2.000000 0.000000 
64.000000 8.000000 2.000000 4.000000 512.000000 32.000000 8.000000 0.000000 256.000000 8.000000 4.000000 0.000000 64.000000 2.000000 2.000000 0.000000 
3
4
64.000000 8.000000 2.000000 4.000000 512.000000 32.000000 8.000000 4.000000 256.000000 8.000000 4.000000 0.000000 64.000000 4.000000 0.000000 0.000000 
64.000000 8.000000 2.000000 4.000000 512.000000 32.000000 8.000000 4.000000 256.000000 8.000000 4.000000 0.000000 64.000000 4.000000 0.000000 0.000000 
2
8
64.000000 8.000000 0.000000 0.000000 512.000000 32.000000 2.000000 2.000000 256.000000 8.000000 8.000000 0.000000 64.000000 4.000000 4.000000 8.000000 
64.000000 8.000000 0.000000 0.000000 512.000000 32.000000 2.000000 2.000000 256.000000 8.000000 8.000000 0.000000 64.000000 4.000000 4.000000 8.000000 
3
28
64.000000 8.000000 0.000000 0.000000 512.000000 32.000000 4.000000 2.000000 256.000000 16.000000 0.000000 0.000000 64.000000 8.000000 8.000000 0.000000 
64.000000 8.000000 0.000000 0.000000 512.000000 32.000000 4.000000 2.000000 256.000000 16.000000 0.000000 0.000000 64.000000 8.000000 8.000000 0.000000 
2
0
64.000000 8.000000 0.000000 0.000000 512.000000 32.000000 0.000000 2.000000 256.000000 16.000000 4.000000 0.000000 64.000000 8.000000 8.000000 2.000000 
64.000000 8.000000 0.000000 0.000000 512.000000 32.000000 0.000000 2.000000 256.000000 16.000000 4.000000 0.000000 64.000000 8.000000 8.000000 2.000000 
2
4
64.000000 8.000000 0.000000 0.000000 512.000000 32.000000 0.000000 0.000000 256.000000 16.000000 4.000000 2.000000 64.000000 8.000000 8.000000 4.000000 
64.000000 8.000000 0.000000 0.000000 512.000000 32.000000 0.000000 0.000000 256.000000 16.000000 4.000000 2.000000 64.000000 8.000000 8.000000 4.000000 
3
16
64.000000 8.000000 2.000000 0.000000 512.000000 32.000000 0.000000 0.000000 256.000000 16.000000 4.000000 2.000000 64.000000 16.000000 4.000000 0.000000 
64.000000 8.000000 2.000000 0.000000 512.000000 32.000000 0.000000 0.000000 256.000000 16.000000 4.000000 2.000000 64.000000 16.000000 4.000000 0.000000 
2
40
64.000000 0.000000 2.000000 0.000000 512.000000 8.000000 0.000000 0.000000 256.000000 32.000000 2.000000 0.000000 64.000000 32.000000 8.000000 2.000000 
64.000000 0.000000 2.000000 0.000000 512.000000 8.000000 0.000000 0.000000 256.000000 32.000000 2.000000 0.000000 64.000000 32.000000 8.000000 2.000000 
2
68
64.000000 0.000000 0.000000 0.000000 512.000000 0.000000 0.000000 0.000000 256.000000 8.000000 4.000000 2.000000 64.000000 64.000000 8.000000 2.000000 
64.000000 0.000000 0.000000 0.000000 512.000000 0.000000 0.000000 0.000000 256.000000 8.000000 4.000000 2.000000 64.000000 64.000000 8.000000 2.000000 
3
128
64.000000 0.000000 2.000000 0.000000 512.000000 0.000000 0.000000 0.000000 256.000000 8.000000 4.000000 2.000000 128.000000 8.000000 2.000000 0.000000 
64.000000 0.000000 2.000000 0.000000 512.000000 0.000000 0.000000 0.000000 256.000000 8.000000 4.000000 2.000000 128.000000 8.000000 2.000000 0.000000 
2
16
64.000000 0.000000 2.000000 0.000000 512.000000 0.000000 2.000000 0.000000 256.000000 0.000000 4.000000 0.000000 128.000000 16.000000 2.000000 2.000000 
64.000000 0.000000 2.000000 0.000000 512.000000 0.000000 2.000000 0.000000 256.000000 0.000000 4.000000 0.000000 128.000000 16.000000 2.000000 2.000000 
3
4
64.000000 2.000000 0.000000 0.000000 512.000000 2.000000 2.000000 0.000000 256.000000 4.000000 0.000000 0.000000 128.000000 16.000000 4.000000 0.000000 
64.000000 2.000000 0.000000 0.000000 512.000000 2.000000 2.000000 0.000000 256.000000 4.000000 0.000000 0.000000 128.000000 16.000000 4.000000 0.000000 
2
4
64.000000 0.000000 0.000000 0.000000 512.000000 4.000000 0.000000 0.000000 256.000000 4.000000 2.000000 4.000000 128.000000 16.000000 4.000000 0.000000 
64.000000 0.000000 0.000000 0.000000 512.000000 4.000000 0.000000 0.000000 256.000000 4.000000 2.000000 4.000000 128.000000 16.000000 4.000000 0.000000 
2
8
64.000000 0.000000 2.000000 0.000000 512.000000 0.000000 0.000000 0.000000 256.000000 8.000000 2.000000 0.000000 128.000000 16.000000 4.000000 4.000000 
64.000000 0.000000 2.000000 0.000000 512.000000 0.000000 0.000000 0.000000 256.000000 8.000000 2.000000 0.000000 128.000000 16.000000 4.000000 4.000000 
3
8
64.000000 2.000000 0.000000 0.000000 512.000000 2.000000 0.000000 0.000000 256.000000 8.000000 2.000000 0.000000 128.000000 16.000000 8.000000 0.000000 
64.000000 2.000000 0.000000 0.000000 512.000000 2.000000 0.000000 0.000000 256.000000 8.000000 2.000000 0.000000 128.000000 16.000000 8.000000 0.000000 
2
4
64.000000 0.000000 2.000000 0.000000 512.000000 4.000000 0.000000 0.000000 256.000000 8.000000 2.000000 0.000000 128.000000 16.000000 8.000000 0.000000 
64.000000 0.000000 2.000000 0.000000 512.000000 4.000000 0.000000 0.000000 256.000000 8.000000 2.000000 0.000000 128.000000 16.000000 8.000000 0.000000 
3
0
64.000000 2.000000 0.000000 0.000000 512.000000 4.000000 0.000000 0.000000 256.000000 8.000000 2.000000 2.000000 128.000000 16.000000 8.000000 0.000000 
64.000000 2.000000 0.000000 0.000000 512.000000 4.000000 0.000000 0.000000 256.000000 8.000000 2.000000 2.000000 128.000000 16.000000 8.000000 0.000000 
1
0
64.000000 2.000000 2.000000 2.000000 512.000000 4.000000 8.000000 0.000000 256.000000 8.000000 0.000000 0.000000 128.000000 16.000000 0.000000 2.000000 
64.000000 2.000000 2.000000 2.000000 512.000000 4.000000 8.000000 0.000000 256.000000 8.000000 0.000000 0.000000 128.000000 16.000000 0.000000 2.000000 
3
4
64.000000 4.000000 2.000000 0.000000 512.000000 4.000000 8.000000 0.000000 256.000000 8.000000 0.000000 0.000000 128.000000 16.000000 2.000000 2.000000 
64.000000 4.000000 2.000000 0.000000 512.000000 4.000000 8.000000 0.000000 256.000000 8.000000 0.000000 0.000000 128.000000 16.000000 2.000000 2.000000 
2
8
64.000000 0.000000 0.000000 0.000000 512.000000 8.000000 2.000000 4.000000 256.000000 8.000000 8.000000 0.000000 128.000000 16.000000 2.000000 2.000000 
64.000000 0.000000 0.000000 0.000000 512.000000 8.000000 2.000000 4.000000 256.000000 8.000000 8.000000 0.000000 128.000000 16.000000 2.000000 2.000000 
2
16
64.000000 0.000000 0.000000 2.000000 512.000000 0.000000 2.000000 0.000000 256.000000 16.000000 8.000000 4.000000 128.000000 16.000000 2.000000 2.000000 
64.000000 0.000000 0.000000 2.000000 512.000000 0.000000 2.000000 0.000000 256.000000 16.000000 8.000000 4.000000 128.000000 16.000000 2.000000 2.000000 
2
32
64.000000 0.000000 2.000000 0.000000 512.000000 0.000000 2.000000 2.000000 256.000000 0.000000 8.000000 4.000000 128.000000 32.000000 2.000000 2.000000 
64.000000 0.000000 2.000000 0.000000 512.000000 0.000000 2.000000 2.000000 256.000000 0.000000 8.000000 4.000000 128.000000 32.000000 2.000000 2.000000 
3
8
64.000000 2.000000 0.000000 0.000000 512.000000 4.000000 0.000000 0.000000 256.000000 8.000000 4.000000 0.000000 128.000000 32.000000 4.000000 2.000000 
64.000000 2.000000 0.000000 0.000000 512.000000 4.000000 0.000000 0.000000 256.000000 8.000000 4.000000 0.000000 128.000000 32.000000 4.000000 2.000000 
2
8
64.000000 2.000000 0.000000 0.000000 512.000000 4.000000 0.000000 2.000000 256.000000 8.000000 0.000000 0.000000 128.000000 32.000000 8.000000 2.000000 
64.000000 2.000000 0.000000 0.000000 512.000000 4.000000 0.000000 2.000000 256.000000 8.000000 0.000000 0.000000 128.000000 32.000000 8.000000 2.000000 
1
4
64.000000 2.000000 8.000000 4.000000 512.000000 4.000000 0.000000 0.000000 256.000000 8.000000 0.000000 0.000000 128.000000 32.000000 0.000000 2.000000 
64.000000 2.000000 8.000000 4.000000 512.000000 4.000000 0.000000 0.000000 256.000000 8.000000 0.000000 0.000000 128.000000 32.000000 0.000000 2.000000 
2
0
64.000000 2.000000 0.000000 0.000000 512.000000 4.000000 2.000000 0.000000 256.000000 8.000000 0.000000 4.000000 128.000000 32.000000 8.000000 2.000000 
64.000000 2.000000 0.000000 0.000000 512.000000 4.000000 2.000000 0.000000 256.000000 8.000000 0.000000 4.000000 128.000000 32.000000 8.000000 2.000000 
1
0
64.000000 2.000000 2.000000 4.000000 512.000000 4.000000 8.000000 2.000000 256.000000 8.000000 2.000000 0.000000 128.000000 32.000000 0.000000 0.000000 
64.000000 2.000000 2.000000 4.000000 512.000000 4.000000 8.000000 2.000000 256.000000 8.000000 2.000000 0.000000 128.000000 32.000000 0.000000 0.000000 
3
4
64.000000 4.000000 4.000000 0.000000 512.000000 4.000000 8.000000 2.000000 256.000000 8.000000 2.000000 2.000000 128.000000 32.000000 0.000000 0.000000 
64.000000 4.000000 4.000000 0.000000 512.000000 4.000000 8.000000 2.000000 256.000000 8.000000 2.000000 2.000000 128.000000 32.000000 0.000000 0.000000 
1
12
64.000000 8.000000 4.000000 4.000000 512.000000 8.000000 8.000000 4.000000 256.000000 32.000000 2.000000 0.000000 128.000000 0.000000 0.000000 0.000000 
64.000000 8.000000 4.000000 4.000000 512.000000 8.000000 8.000000 4.000000 256.000000 32.000000 2.000000 0.000000 128.000000 0.000000 0.000000 0.000000 
3
24
64.000000 8.000000 8.000000 0.000000 512.000000 16.000000 4.000000 0.000000 256.000000 32.000000 2.000000 0.000000 128.000000 0.000000 0.000000 2.000000 
64.000000 8.000000 8.000000 0.000000 512.000000 16.000000 4.000000 0.000000 256.000000 32.000000 2.000000 0.000000 128.000000 0.000000 0.000000 2.000000 
2
0
64.000000 0.000000 0.000000 2.000000 512.000000 8.000000 8.000000 0.000000 256.000000 16.000000 4.000000 0.000000 128.000000 32.000000 2.000000 2.000000 
64.000000 0.000000 0.000000 2.000000 512.000000 8.000000 8.000000 0.000000 256.000000 16.000000 4.000000 0.000000 128.000000 32.000000 2.000000 2.000000 
3
20
64.000000 2.000000 0.000000 0.000000 512.000000 16.000000 0.000000 0.000000 256.000000 16.000000 4.000000 2.000000 128.000000 32.000000 4.000000 0.000000 
64.000000 2.000000 0.000000 0.000000 512.000000 16.000000 0.000000 0.000000 256.000000 16.000000 4.000000 2.000000 128.000000 32.000000 4.000000 0.000000 
2
40
64.000000 0.000000 0.000000 0.000000 512.000000 2.000000 2.000000 0.000000 256.000000 32.000000 0.000000 0.000000 128.000000 32.000000 8.000000 2.000000 
64.000000 0.000000 0.000000 0.000000 512.000000 2.000000 2.000000 0.000000 256.000000 32.000000 0.000000 0.000000 128.000000 32.000000 8.000000 2.000000 
2
64
64.000000 0.000000 0.000000 2.000000 512.000000 0.000000 0.000000 0.000000 256.000000 2.000000 2.000000 0.000000 128.000000 64.000000 8.000000 2.000000 
64.000000 0.000000 0.000000 2.000000 512.000000 0.000000 0.000000 0.000000 256.000000 2.000000 2.000000 0.000000 128.000000 64.000000 8.000000 2.000000 
3
4
64.000000 2.000000 0.000000 2.000000 512.000000 0.000000 0.000000 0.000000 256.000000 4.000000 0.000000 0.000000 128.000000 64.000000 8.000000 2.000000 
64.000000 2.000000 0.000000 2.000000 512.000000 0.000000 0.000000 0.000000 256.000000 4.000000 0.000000 0.000000 128.000000 64.000000 8.000000 2.000000 
3
4
64.000000 4.000000 0.000000 0.000000 512.000000 0.000000 0.000000 0.000000 256.000000 4.000000 0.000000 2.000000 128.000000 64.000000 8.000000 2.000000 
64.000000 4.000000 0.000000 0.000000 512.000000 0.000000 0.000000 0.000000 256.000000 4.000000 0.000000 2.000000 128.000000 64.000000 8.000000 2.000000 
2
12
64.000000 0.000000 0.000000 0.000000 512.000000 0.000000 0.000000 0.000000 256.000000 8.000000 0.000000 2.000000 128.000000 64.000000 8.000000 4.000000 
64.000000 0.000000 0.000000 0.000000 512.000000 0.000000 0.000000 0.000000 256.000000 8.000000 0.000000 2.000000 128.000000 64.000000 8.000000 4.000000 
3
0
64.000000 0.000000 2.000000 0.000000 512.000000 0.000000 0.000000 0.000000 256.000000 8.000000 2.000000 0.000000 128.000000 64.000000 8.000000 4.000000 
64.000000 0.000000 2.000000 0.000000 512.000000 0.000000 0.000000 0.000000 256.000000 8.000000 2.000000 0.000000 128.000000 64.000000 8.000000 4.000000 
2
4
64.000000 0.000000 0.000000 0.000000 512.000000 2.000000 0.000000 0.000000 256.000000 8.000000 4.000000 0.000000 128.000000 64.000000 8.000000 4.000000 
64.000000 0.000000 0.000000 0.000000 512.000000 2.000000 0.000000 0.000000 256.000000 8.000000 4.000000 0.000000 128.000000 64.000000 8.000000 4.000000 
1
0
64.000000 2.000000 4.000000 4.000000 512.000000 8.000000 8.000000 0.000000 256.000000 64.000000 0.000000 0.000000 128.000000 2.000000 0.000000 0.000000 
64.000000 2.000000 4.000000 4.000000 512.000000 8.000000 8.000000 0.000000 256.000000 64.000000 0.000000 0.000000 128.000000 2.000000 0.000000 0.000000 
3
24
64.000000 2.000000 8.000000 0.000000 512.000000 16.000000 0.000000 2.000000 256.000000 64.000000 0.000000 0.000000 128.000000 2.000000 0.000000 0.000000 
64.000000 2.000000 8.000000 0.000000 512.000000 16.000000 0.000000 2.000000 256.000000 64.000000 0.000000 0.000000 128.000000 2.000000 0.000000 0.000000 
2
0
64.000000 2.000000 0.000000 0.000000 512.000000 16.000000 4.000000 0.000000 256.000000 64.000000 0.000000 0.000000 128.000000 2.000000 8.000000 2.000000 
64.000000 2.000000 0.000000 0.000000 512.000000 16.000000 4.000000 0.000000 256.000000 64.000000 0.000000 0.000000 128.000000 2.000000 8.000000 2.000000 
1
0
64.000000 2.000000 4.000000 2.000000 512.000000 16.000000 8.000000 0.000000 256.000000 64.000000 0.000000 0.000000 128.000000 2.000000 0.000000 2.000000 
64.000000 2.000000 4.000000 2.000000 512.000000 16.000000 8.000000 0.000000 256.000000 64.000000 0.000000 0.000000 128.000000 2.000000 0.000000 2.000000 
3
4
64.000000 2.000000 4.000000 2.000000 512.000000 16.000000 8.000000 0.000000 256.000000 64.000000 0.000000 0.000000 128.000000 4.000000 0.000000 2.000000 
64.000000 2.000000 4.000000 2.000000 512.000000 16.000000 8.000000 0.000000 256.000000 64.000000 0.000000 0.000000 128.000000 4.000000 0.000000 2.000000 
3
0
64.000000 2.000000 4.000000 2.000000 512.000000 16.000000 8.000000 2.000000 256.000000 64.000000 0.000000 0.000000 128.000000 4.000000 2.000000 0.000000 
64.000000 2.000000 4.000000 2.000000 512.000000 16.000000 8.000000 2.000000 256.000000 64.000000 0.000000 0.000000 128.000000 4.000000 2.000000 0.000000 
2
4
64.000000 2.000000 0.000000 0.000000 512.000000 16.000000 4.000000 0.000000 256.000000 64.000000 8.000000 2.000000 128.000000 4.000000 2.000000 4.000000 
64.000000 2.000000 0.000000 0.000000 512.000000 16.000000 4.000000 0.000000 256.000000 64.000000 8.000000 2.000000 128.000000 4.000000 2.000000 4.000000 
1
0
64.000000 2.000000 4.000000 2.000000 512.000000 16.000000 8.000000 4.000000 256.000000 64.000000 2.000000 2.000000 128.000000 4.000000 0.000000 0.000000 
64.000000 2.000000 4.000000 2.000000 512.000000 16.000000 8.000000 4.000000 256.000000 64.000000 2.000000 2.000000 128.000000 4.000000 0.000000 0.000000 
2
0
64.000000 2.000000 0.000000 2.000000 512.000000 16.000000 4.000000 2.000000 256.000000 64.000000 8.000000 4.000000 128.000000 4.000000 2.000000 2.000000 
64.000000 2.000000 0.000000 2.000000 512.000000 16.000000 4.000000 2.000000 256.000000 64.000000 8.000000 4.000000 128.000000 4.000000 2.000000 2.000000 
3
8
64.000000 4.000000 0.000000 0.000000 512.000000 16.000000 4.000000 2.000000 256.000000 64.000000 8.000000 4.000000 128.000000 4.000000 4.000000 2.000000 
64.000000 4.000000 0.000000 0.000000 512.000000 16.000000 4.000000 2.000000 256.000000 64.000000 8.000000 4.000000 128.000000 4.000000 4.000000 2.000000 
3
8
64.000000 4.000000 0.000000 0.000000 512.000000 16.000000 4.000000 2.000000 256.000000 64.000000 8.000000 4.000000 128.000000 8.000000 2.000000 4.000000 
64.000000 4.000000 0.000000 0.000000 512.000000 16.000000 4.000000 2.000000 256.000000 64.000000 8.000000 4.000000 128.000000 8.000000 2.000000 4.000000 
1
8
64.000000 4.000000 4.000000 2.000000 512.000000 16.000000 8.000000 8.000000 256.000000 64.000000 2.000000 0.000000 128.000000 8.000000 2.000000 0.000000 
64.000000 4.000000 4.000000 2.000000 512.000000 16.000000 8.000000 8.000000 256.000000 64.000000 2.000000 0.000000 128.000000 8.000000 2.000000 0.000000 
3
24
64.000000 8.000000 2.000000 0.000000 512.000000 16.000000 16.000000 0.000000 256.000000 64.000000 2.000000 4.000000 128.000000 8.000000 2.000000 0.000000 
64.000000 8.000000 2.000000 0.000000 512.000000 16.000000 16.000000 0.000000 256.000000 64.000000 2.000000 4.000000 128.000000 8.000000 2.000000 0.000000 
2
4
64.000000 8.000000 0.000000 2.000000 512.000000 16.000000 2.000000 0.000000 256.000000 64.000000 16.000000 0.000000 128.000000 8.000000 4.000000 4.000000 
64.000000 8.000000 0.000000 2.000000 512.000000 16.000000 2.000000 0.000000 256.000000 64.000000 16.000000 0.000000 128.000000 8.000000 4.000000 4.000000 
3
8
64.000000 8.000000 2.000000 0.000000 512.000000 16.000000 2.000000 2.000000 256.000000 64.000000 16.000000 0.000000 128.000000 8.000000 8.000000 0.000000 
64.000000 8.000000 2.000000 0.000000 512.000000 16.000000 2.000000 2.000000 256.000000 64.000000 16.000000 0.000000 128.000000 8.000000 8.000000 0.000000 
3
20
64.000000 8.000000 2.000000 2.000000 512.000000 16.000000 4.000000 0.000000 256.000000 64.000000 16.000000 0.000000 128.000000 16.000000 0.000000 0.000000 
64.000000 8.000000 2.000000 2.000000 512.000000 16.000000 4.000000 0.000000 256.000000 64.000000 16.000000 0.000000 128.000000 16.000000 0.000000 0.000000 
2
0
64.000000 8.000000 2.000000 0.000000 512.000000 16.000000 2.000000 0.000000 256.000000 64.000000 4.000000 0.000000 128.000000 16.000000 16.000000 2.000000 
64.000000 8.000000 2.000000 0.000000 512.000000 16.000000 2.000000 0.000000 256.000000 64.000000 4.000000 0.000000 128.000000 16.000000 16.000000 2.000000 
3
32
64.000000 8.000000 2.000000 2.000000 512.000000 16.000000 2.000000 0.000000 256.000000 64.000000 4.000000 0.000000 128.000000 32.000000 2.000000 0.000000 
64.000000 8.000000 2.000000 2.000000 512.000000 16.000000 2.000000 0.000000 256.000000 64.000000 4.000000 0.000000 128.000000 32.000000 2.000000 0.000000 
3
4
64.000000 8.000000 4.000000 0.000000 512.000000 16.000000 2.000000 0.000000 256.000000 64.000000 4.000000 2.000000 128.000000 32.000000 2.000000 0.000000 
64.000000 8.000000 4.000000 0.000000 512.000000 16.000000 2.000000 0.000000 256.000000 64.000000 4.000000 2.000000 128.000000 32.000000 2.000000 0.000000 
2
0
64.000000 8.000000 4.000000 0.000000 512.000000 16.000000 2.000000 4.000000 256.000000 64.000000 4.000000 0.000000 128.000000 32.000000 2.000000 2.000000 
64.000000 8.000000 4.000000 0.000000 512.000000 16.000000 2.000000 4.000000 256.000000 64.000000 4.000000 0.000000 128.000000 32.000000 2.000000 2.000000 
3
4
64.000000 8.000000 4.000000 0.000000 512.000000 16.000000 2.000000 4.000000 256.000000 64.000000 4.000000 2.000000 128.000000 32.000000 4.000000 0.000000 
64.000000 8.000000 4.000000 0.000000 512.000000 16.000000 2.000000 4.000000 256.000000 64.000000 4.000000 2.000000 128.000000 32.000000 4.000000 0.000000 
2
8
64.000000 8.000000 0.000000 0.000000 512.000000 16.000000 4.000000 2.000000 256.000000 64.000000 2.000000 4.000000 128.000000 32.000000 8.000000 2.000000 
64.000000 8.000000 0.000000 0.000000 512.000000 16.000000 4.000000 2.000000 256.000000 64.000000 2.000000 4.000000 128.000000 32.000000 8.000000 2.000000 
1
0
64.000000 8.000000 4.000000 2.000000 512.000000 16.000000 2.000000 4.000000 256.000000 64.000000 8.000000 2.000000 128.000000 32.000000 2.000000 0.000000 
64.000000 8.000000 4.000000 2.000000 512.000000 16.000000 2.000000 4.000000 256.000000 64.000000 8.000000 2.000000 128.000000 32.000000 2.000000 0.000000 
2
0
64.000000 8.000000 4.000000 2.000000 512.000000 16.000000 2.000000 2.000000 256.000000 64.000000 8.000000 4.000000 128.000000 32.000000 2.000000 2.000000 
64.000000 8.000000 4.000000 2.000000 512.000000 16.000000 2.000000 2.000000 256.000000 64.000000 8.000000 4.000000 128.000000 32.000000 2.000000 2.000000 
3
8
64.000000 8.000000 4.000000 2.000000 512.000000 16.000000 4.000000 0.000000 256.000000 64.000000 8.000000 4.000000 128.000000 32.000000 4.000000 2.000000 
64.000000 8.000000 4.000000 2.000000 512.000000 16.000000 4.000000 0.000000 256.000000 64.000000 8.000000 4.000000 128.000000 32.000000 4.000000 2.000000 
1
8
64.000000 8.000000 8.000000 2.000000 512.000000 16.000000 8.000000 4.000000 256.000000 64.000000 4.000000 2.000000 128.000000 32.000000 0.000000 2.000000 
64.000000 8.000000 8.000000 2.000000 512.000000 16.000000 8.000000 4.000000 256.000000 64.000000 4.000000 2.000000 128.000000 32.000000 0.000000 2.000000 
3
16
64.000000 16.000000 2.000000 0.000000 512.000000 16.000000 8.000000 4.000000 256.000000 64.000000 4.000000 2.000000 128.000000 32.000000 2.000000 2.000000 
64.000000 16.000000 2.000000 0.000000 512.000000 16.000000 8.000000 4.000000 256.000000 64.000000 4.000000 2.000000 128.000000 32.000000 2.000000 2.000000 
2
36
64.000000 0.000000 2.000000 0.000000 512.000000 32.000000 8.000000 2.000000 256.000000 64.000000 4.000000 4.000000 128.000000 32.000000 2.000000 4.000000 
64.000000 0.000000 2.000000 0.000000 512.000000 32.000000 8.000000 2.000000 256.000000 64.000000 4.000000 4.000000 128.000000 32.000000 2.000000 4.000000 
3
8
64.000000 2.000000 2.000000 0.000000 512.000000 32.000000 8.000000 2.000000 256.000000 64.000000 8.000000 0.000000 128.000000 32.000000 2.000000 4.000000 
64.000000 2.000000 2.000000 0.000000 512.000000 32.000000 8.000000 2.000000 256.000000 64.000000 8.000000 0.000000 128.000000 32.000000 2.000000 4.000000 
3
4
64.000000 4.000000 0.000000 0.000000 512.000000 32.000000 8.000000 2.000000 256.000000 64.000000 8.000000 2.000000 128.000000 32.000000 2.000000 4.000000 
64.000000 4.000000 0.000000 0.000000 512.000000 32.000000 8.000000 2.000000 256.000000 64.000000 8.000000 2.000000 128.000000 32.000000 2.000000 4.000000 
2
20
64.000000 4.000000 0.000000 0.000000 512.000000 32.000000 2.000000 0.000000 256.000000 64.000000 16.000000 4.000000 128.000000 32.000000 2.000000 4.000000 
64.000000 4.000000 0.000000 0.000000 512.000000 32.000000 2.000000 0.000000 256.000000 64.000000 16.000000 4.000000 128.000000 32.000000 2.000000 4.000000 
1
8
64.000000 4.000000 2.000000 8.000000 512.000000 32.000000 16.000000 4.000000 256.000000 64.000000 2.000000 0.000000 128.000000 32.000000 0.000000 0.000000 
64.000000 4.000000 2.000000 8.000000 512.000000 32.000000 16.000000 4.000000 256.000000 64.000000 2.000000 0.000000 128.000000 32.000000 0.000000 0.000000 
2
0
64.000000 4.000000 0.000000 0.000000 512.000000 32.000000 2.000000 2.000000 256.000000 64.000000 16.000000 8.000000 128.000000 32.000000 2.000000 4.000000 
64.000000 4.000000 0.000000 0.000000 512.000000 32.000000 2.000000 2.000000 256.000000 64.000000 16.000000 8.000000 128.000000 32.000000 2.000000 4.000000 
1
0
64.000000 4.000000 2.000000 2.000000 512.000000 32.000000 16.000000 8.000000 256.000000 64.000000 2.000000 4.000000 128.000000 32.000000 2.000000 0.000000 
64.000000 4.000000 2.000000 2.000000 512.000000 32.000000 16.000000 8.000000 256.000000 64.000000 2.000000 4.000000 128.000000 32.000000 2.000000 0.000000 
3
4
64.000000 4.000000 4.000000 0.000000 512.000000 32.000000 16.000000 8.000000 256.000000 64.000000 2.000000 4.000000 128.000000 32.000000 2.000000 2.000000 
64.000000 4.000000 4.000000 0.000000 512.000000 32.000000 16.000000 8.000000 256.000000 64.000000 2.000000 4.000000 128.000000 32.000000 2.000000 2.000000 
3
12
64.000000 8.000000 0.000000 0.000000 512.000000 32.000000 16.000000 8.000000 256.000000 64.000000 2.000000 4.000000 128.000000 32.000000 4.000000 2.000000 
64.000000 8.000000 0.000000 0.000000 512.000000 32.000000 16.000000 8.000000 256.000000 64.000000 2.000000 4.000000 128.000000 32.000000 4.000000 2.000000 
1
0
64.000000 8.000000 16.000000 8.000000 512.000000 32.000000 2.000000 4.000000 256.000000 64.000000 4.000000 2.000000 128.000000 32.000000 2.000000 0.000000 
64.000000 8.000000 16.000000 8.000000 512.000000 32.000000 2.000000 4.000000 256.000000 64.000000 4.000000 2.000000 128.000000 32.000000 2.000000 0.000000 
2
0
64.000000 8.000000 16.000000 2.000000 512.000000 32.000000 2.000000 8.000000 256.000000 64.000000 4.000000 4.000000 128.000000 32.000000 2.000000 2.000000 
64.000000 8.000000 16.000000 2.000000 512.000000 32.000000 2.000000 8.000000 256.000000 64.000000 4.000000 4.000000 128.000000 32.000000 2.000000 2.000000 
3
12
64.000000 8.000000 16.000000 2.000000 512.000000 32.000000 2.000000 8.000000 256.000000 64.000000 8.000000 2.000000 128.000000 32.000000 4.000000 0.000000 
64.000000 8.000000 16.000000 2.000000 512.000000 32.000000 2.000000 8.000000 256.000000 64.000000 8.000000 2.000000 128.000000 32.000000 4.000000 0.000000 
2
0
64.000000 8.000000 16.000000 2.000000 512.000000 32.000000 2.000000 2.000000 256.000000 64.000000 8.000000 8.000000 128.000000 32.000000 4.000000 2.000000 
64.000000 8.000000 16.000000 2.000000 512.000000 32.000000 2.000000 2.000000 256.000000 64.000000 8.000000 8.000000 128.000000 32.000000 4.000000 2.000000 
3
20
64.000000 8.000000 16.000000 2.000000 512.000000 32.000000 4.000000 0.000000 256.000000 64.000000 16.000000 2.000000 128.000000 32.000000 4.000000 2.000000 
64.000000 8.000000 16.000000 2.000000 512.000000 32.000000 4.000000 0.000000 256.000000 64.000000 16.000000 2.000000 128.000000 32.000000 4.000000 2.000000 
2
4
64.000000 8.000000 16.000000 2.000000 512.000000 32.000000 4.000000 0.000000 256.000000 64.000000 16.000000 2.000000 128.000000 32.000000 4.000000 4.000000 
64.000000 8.000000 16.000000 2.000000 512.000000 32.000000 4.000000 0.000000 256.000000 64.000000 16.000000 2.000000 128.000000 32.000000 4.000000 4.000000 
3
8
64.000000 8.000000 16.000000 2.000000 512.000000 32.000000 4.000000 0.000000 256.000000 64.000000 16.000000 2.000000 128.000000 32.000000 8.000000 2.000000 
64.000000 8.000000 16.000000 2.000000 512.000000 32.000000 4.000000 0.000000 256.000000 64.000000 16.000000 2.000000 128.000000 32.000000 8.000000 2.000000 
2
4
64.000000 8.000000 16.000000 0.000000 512.000000 32.000000 4.000000 4.000000 256.000000 64.000000 16.000000 2.000000 128.000000 32.000000 8.000000 4.000000 
64.000000 8.000000 16.000000 0.000000 512.000000 32.000000 4.000000 4.000000 256.000000 64.000000 16.000000 2.000000 128.000000 32.000000 8.000000 4.000000 
1
-100
64.000000 8.000000 16.000000 4.000000 512.000000 32.000000 4.000000 2.000000 256.000000 64.000000 16.000000 4.000000 128.000000 32.000000 8.000000 2.000000 
