1024.000000 32.000000 16.000000 2.000000 512.000000 64.000000 8.000000 2.000000 256.000000 32.000000 16.000000 8.000000 64.000000 16.000000 4.000000 0.000000 
1
4
1024.000000 32.000000 16.000000 4.000000 512.000000 64.000000 8.000000 8.000000 256.000000 32.000000 16.000000 0.000000 64.000000 16.000000 4.000000 2.000000 
1024.000000 32.000000 16.000000 4.000000 512.000000 64.000000 8.000000 8.000000 256.000000 32.000000 16.000000 0.000000 64.000000 16.000000 4.000000 2.000000 
3
16
1024.000000 32.000000 16.000000 4.000000 512.000000 64.000000 16.000000 0.000000 256.000000 32.000000 16.000000 2.000000 64.000000 16.000000 4.000000 2.000000 
1024.000000 32.000000 16.000000 4.000000 512.000000 64.000000 16.000000 0.000000 256.000000 32.000000 16.000000 2.000000 64.000000 16.000000 4.000000 2.000000 
1
36
1024.000000 32.000000 32.000000 4.000000 512.000000 64.000000 16.000000 4.000000 256.000000 32.000000 4.000000 0.000000 64.000000 16.000000 2.000000 0.000000 
1024.000000 32.000000 32.000000 4.000000 512.000000 64.000000 16.000000 4.000000 256.000000 32.000000 4.000000 0.000000 64.000000 16.000000 2.000000 0.000000 
3
64
1024.000000 64.000000 4.000000 2.000000 512.000000 64.000000 16.000000 4.000000 256.000000 32.000000 4.000000 0.000000 64.000000 16.000000 2.000000 0.000000 
1024.000000 64.000000 4.000000 2.000000 512.000000 64.000000 16.000000 4.000000 256.000000 32.000000 4.000000 0.000000 64.000000 16.000000 2.000000 0.000000 
2
128
1024.000000 0.000000 4.000000 0.000000 512.000000 128.000000 16.000000 2.000000 256.000000 32.000000 4.000000 2.000000 64.000000 16.000000 2.000000 4.000000 
1024.000000 0.000000 4.000000 0.000000 512.000000 128.000000 16.000000 2.000000 256.000000 32.000000 4.000000 2.000000 64.000000 16.000000 2.000000 4.000000 
1
4
1024.000000 128.000000 4.000000 4.000000 512.000000 32.000000 16.000000 4.000000 256.000000 16.000000 4.000000 2.000000 64.000000 0.000000 2.000000 0.000000 
1024.000000 128.000000 4.000000 4.000000 512.000000 32.000000 16.000000 4.000000 256.000000 16.000000 4.000000 2.000000 64.000000 0.000000 2.000000 0.000000 
3
8
1024.000000 128.000000 8.000000 2.000000 512.000000 32.000000 16.000000 4.000000 256.000000 16.000000 4.000000 2.000000 64.000000 2.000000 0.000000 0.000000 
1024.000000 128.000000 8.000000 2.000000 512.000000 32.000000 16.000000 4.000000 256.000000 16.000000 4.000000 2.000000 64.000000 2.000000 0.000000 0.000000 
2
0
1024.000000 128.000000 0.000000 2.000000 512.000000 32.000000 8.000000 2.000000 256.000000 16.000000 16.000000 4.000000 64.000000 2.000000 4.000000 2.000000 
1024.000000 128.000000 0.000000 2.000000 512.000000 32.000000 8.000000 2.000000 256.000000 16.000000 16.000000 4.000000 64.000000 2.000000 4.000000 2.000000 
1
4
1024.000000 128.000000 8.000000 4.000000 512.000000 32.000000 16.000000 4.000000 256.000000 16.000000 4.000000 2.000000 64.000000 2.000000 0.000000 2.000000 
1024.000000 128.000000 8.000000 4.000000 512.000000 32.000000 16.000000 4.000000 256.000000 16.000000 4.000000 2.000000 64.000000 2.000000 0.000000 2.000000 
1
12
1024.000000 128.000000 8.000000 8.000000 512.000000 32.000000 16.000000 4.000000 256.000000 16.000000 4.000000 0.000000 64.000000 2.000000 4.000000 0.000000 
1024.000000 128.000000 8.000000 8.000000 512.000000 32.000000 16.000000 4.000000 256.000000 16.000000 4.000000 0.000000 64.000000 2.000000 4.000000 0.000000 
3
16
1024.000000 128.000000 16.000000 2.000000 512.000000 32.000000 16.000000 4.000000 256.000000 16.000000 4.000000 0.000000 64.000000 2.000000 4.000000 0.000000 
1024.000000 128.000000 16.000000 2.000000 512.000000 32.000000 16.000000 4.000000 256.000000 16.000000 4.000000 0.000000 64.000000 2.000000 4.000000 0.000000 
2
40
1024.000000 128.000000 0.000000 2.000000 512.000000 32.000000 0.000000 0.000000 256.000000 16.000000 32.000000 2.000000 64.000000 2.000000 8.000000 4.000000 
1024.000000 128.000000 0.000000 2.000000 512.000000 32.000000 0.000000 0.000000 256.000000 16.000000 32.000000 2.000000 64.000000 2.000000 8.000000 4.000000 
3
0
1024.000000 128.000000 2.000000 0.000000 512.000000 32.000000 2.000000 0.000000 256.000000 16.000000 32.000000 2.000000 64.000000 2.000000 8.000000 4.000000 
1024.000000 128.000000 2.000000 0.000000 512.000000 32.000000 2.000000 0.000000 256.000000 16.000000 32.000000 2.000000 64.000000 2.000000 8.000000 4.000000 
1
4
1024.000000 128.000000 4.000000 2.000000 512.000000 32.000000 32.000000 4.000000 256.000000 16.000000 8.000000 2.000000 64.000000 2.000000 0.000000 0.000000 
1024.000000 128.000000 4.000000 2.000000 512.000000 32.000000 32.000000 4.000000 256.000000 16.000000 8.000000 2.000000 64.000000 2.000000 0.000000 0.000000 
3
64
1024.000000 128.000000 4.000000 2.000000 512.000000 64.000000 4.000000 0.000000 256.000000 16.000000 8.000000 2.000000 64.000000 2.000000 0.000000 2.000000 
1024.000000 128.000000 4.000000 2.000000 512.000000 64.000000 4.000000 0.000000 256.000000 16.000000 8.000000 2.000000 64.000000 2.000000 0.000000 2.000000 
1
12
1024.000000 128.000000 8.000000 4.000000 512.000000 64.000000 8.000000 2.000000 256.000000 16.000000 0.000000 2.000000 64.000000 2.000000 0.000000 0.000000 
1024.000000 128.000000 8.000000 4.000000 512.000000 64.000000 8.000000 2.000000 256.000000 16.000000 0.000000 2.000000 64.000000 2.000000 0.000000 0.000000 
1
20
1024.000000 128.000000 16.000000 4.000000 512.000000 64.000000 0.000000 4.000000 256.000000 16.000000 0.000000 2.000000 64.000000 2.000000 0.000000 0.000000 
1024.000000 128.000000 16.000000 4.000000 512.000000 64.000000 0.000000 4.000000 256.000000 16.000000 0.000000 2.000000 64.000000 2.000000 0.000000 0.000000 
3
0
1024.000000 128.000000 16.000000 4.000000 512.000000 64.000000 4.000000 0.000000 256.000000 16.000000 2.000000 0.000000 64.000000 2.000000 2.000000 0.000000 
1024.000000 128.000000 16.000000 4.000000 512.000000 64.000000 4.000000 0.000000 256.000000 16.000000 2.000000 0.000000 64.000000 2.000000 2.000000 0.000000 
2
4
1024.000000 128.000000 0.000000 0.000000 512.000000 64.000000 16.000000 0.000000 256.000000 16.000000 4.000000 2.000000 64.000000 2.000000 4.000000 4.000000 
1024.000000 128.000000 0.000000 0.000000 512.000000 64.000000 16.000000 0.000000 256.000000 16.000000 4.000000 2.000000 64.000000 2.000000 4.000000 4.000000 
1
8
1024.000000 128.000000 16.000000 2.000000 512.000000 64.000000 8.000000 4.000000 256.000000 16.000000 0.000000 0.000000 64.000000 2.000000 0.000000 2.000000 
1024.000000 128.000000 16.000000 2.000000 512.000000 64.000000 8.000000 4.000000 256.000000 16.000000 0.000000 0.000000 64.000000 2.000000 0.000000 2.000000 
3
4
1024.000000 128.000000 16.000000 2.000000 512.000000 64.000000 8.000000 4.000000 256.000000 16.000000 0.000000 0.000000 64.000000 4.000000 0.000000 2.000000 
1024.000000 128.000000 16.000000 2.000000 512.000000 64.000000 8.000000 4.000000 256.000000 16.000000 0.000000 0.000000 64.000000 4.000000 0.000000 2.000000 
3
0
1024.000000 128.000000 16.000000 2.000000 512.000000 64.000000 8.000000 4.000000 256.000000 16.000000 0.000000 2.000000 64.000000 4.000000 2.000000 0.000000 
1024.000000 128.000000 16.000000 2.000000 512.000000 64.000000 8.000000 4.000000 256.000000 16.000000 0.000000 2.000000 64.000000 4.000000 2.000000 0.000000 
2
0
1024.000000 128.000000 0.000000 2.000000 512.000000 64.000000 16.000000 2.000000 256.000000 16.000000 8.000000 4.000000 64.000000 4.000000 2.000000 2.000000 
1024.000000 128.000000 0.000000 2.000000 512.000000 64.000000 16.000000 2.000000 256.000000 16.000000 8.000000 4.000000 64.000000 4.000000 2.000000 2.000000 
3
4
1024.000000 128.000000 2.000000 2.000000 512.000000 64.000000 16.000000 2.000000 256.000000 16.000000 8.000000 4.000000 64.000000 4.000000 4.000000 0.000000 
1024.000000 128.000000 2.000000 2.000000 512.000000 64.000000 16.000000 2.000000 256.000000 16.000000 8.000000 4.000000 64.000000 4.000000 4.000000 0.000000 
3
12
1024.000000 128.000000 4.000000 2.000000 512.000000 64.000000 16.000000 2.000000 256.000000 16.000000 8.000000 4.000000 64.000000 8.000000 0.000000 0.000000 
1024.000000 128.000000 4.000000 2.000000 512.000000 64.000000 16.000000 2.000000 256.000000 16.000000 8.000000 4.000000 64.000000 8.000000 0.000000 0.000000 
2
4
1024.000000 128.000000 0.000000 0.000000 512.000000 64.000000 4.000000 2.000000 256.000000 16.000000 16.000000 4.000000 64.000000 8.000000 8.000000 4.000000 
1024.000000 128.000000 0.000000 0.000000 512.000000 64.000000 4.000000 2.000000 256.000000 16.000000 16.000000 4.000000 64.000000 8.000000 8.000000 4.000000 
3
48
1024.000000 128.000000 2.000000 0.000000 512.000000 64.000000 4.000000 2.000000 256.000000 32.000000 4.000000 0.000000 64.000000 16.000000 4.000000 0.000000 
1024.000000 128.000000 2.000000 0.000000 512.000000 64.000000 4.000000 2.000000 256.000000 32.000000 4.000000 0.000000 64.000000 16.000000 4.000000 0.000000 
2
8
1024.000000 128.000000 2.000000 0.000000 512.000000 64.000000 2.000000 0.000000 256.000000 32.000000 4.000000 0.000000 64.000000 16.000000 8.000000 2.000000 
1024.000000 128.000000 2.000000 0.000000 512.000000 64.000000 2.000000 0.000000 256.000000 32.000000 4.000000 0.000000 64.000000 16.000000 8.000000 2.000000 
1
4
1024.000000 128.000000 4.000000 2.000000 512.000000 64.000000 4.000000 4.000000 256.000000 32.000000 8.000000 0.000000 64.000000 16.000000 0.000000 0.000000 
1024.000000 128.000000 4.000000 2.000000 512.000000 64.000000 4.000000 4.000000 256.000000 32.000000 8.000000 0.000000 64.000000 16.000000 0.000000 0.000000 
2
8
1024.000000 128.000000 0.000000 0.000000 512.000000 64.000000 2.000000 0.000000 256.000000 32.000000 8.000000 2.000000 64.000000 16.000000 8.000000 4.000000 
1024.000000 128.000000 0.000000 0.000000 512.000000 64.000000 2.000000 0.000000 256.000000 32.000000 8.000000 2.000000 64.000000 16.000000 8.000000 4.000000 
2
16
1024.000000 128.000000 0.000000 0.000000 512.000000 64.000000 2.000000 0.000000 256.000000 32.000000 2.000000 2.000000 64.000000 16.000000 16.000000 4.000000 
1024.000000 128.000000 0.000000 0.000000 512.000000 64.000000 2.000000 0.000000 256.000000 32.000000 2.000000 2.000000 64.000000 16.000000 16.000000 4.000000 
3
36
1024.000000 128.000000 0.000000 0.000000 512.000000 64.000000 2.000000 0.000000 256.000000 32.000000 4.000000 0.000000 64.000000 32.000000 4.000000 2.000000 
1024.000000 128.000000 0.000000 0.000000 512.000000 64.000000 2.000000 0.000000 256.000000 32.000000 4.000000 0.000000 64.000000 32.000000 4.000000 2.000000 
2
72
1024.000000 0.000000 0.000000 0.000000 512.000000 128.000000 0.000000 0.000000 256.000000 64.000000 2.000000 2.000000 64.000000 64.000000 8.000000 2.000000 
1024.000000 0.000000 0.000000 0.000000 512.000000 128.000000 0.000000 0.000000 256.000000 64.000000 2.000000 2.000000 64.000000 64.000000 8.000000 2.000000 
2
132
1024.000000 2.000000 0.000000 0.000000 512.000000 0.000000 0.000000 0.000000 256.000000 128.000000 2.000000 0.000000 64.000000 128.000000 8.000000 4.000000 
1024.000000 2.000000 0.000000 0.000000 512.000000 0.000000 0.000000 0.000000 256.000000 128.000000 2.000000 0.000000 64.000000 128.000000 8.000000 4.000000 
2
256
1024.000000 0.000000 0.000000 2.000000 512.000000 0.000000 0.000000 0.000000 256.000000 2.000000 2.000000 0.000000 64.000000 256.000000 8.000000 4.000000 
1024.000000 0.000000 0.000000 2.000000 512.000000 0.000000 0.000000 0.000000 256.000000 2.000000 2.000000 0.000000 64.000000 256.000000 8.000000 4.000000 
3
4
1024.000000 2.000000 2.000000 0.000000 512.000000 0.000000 0.000000 0.000000 256.000000 4.000000 0.000000 0.000000 64.000000 256.000000 8.000000 4.000000 
1024.000000 2.000000 2.000000 0.000000 512.000000 0.000000 0.000000 0.000000 256.000000 4.000000 0.000000 0.000000 64.000000 256.000000 8.000000 4.000000 
1
0
1024.000000 2.000000 2.000000 4.000000 512.000000 4.000000 8.000000 0.000000 256.000000 256.000000 2.000000 0.000000 64.000000 0.000000 0.000000 0.000000 
1024.000000 2.000000 2.000000 4.000000 512.000000 4.000000 8.000000 0.000000 256.000000 256.000000 2.000000 0.000000 64.000000 0.000000 0.000000 0.000000 
3
516
1024.000000 4.000000 4.000000 2.000000 512.000000 4.000000 8.000000 0.000000 512.000000 2.000000 0.000000 0.000000 64.000000 0.000000 0.000000 0.000000 
1024.000000 4.000000 4.000000 2.000000 512.000000 4.000000 8.000000 0.000000 512.000000 2.000000 0.000000 0.000000 64.000000 0.000000 0.000000 0.000000 
1
1032
1024.000000 8.000000 4.000000 2.000000 1024.000000 2.000000 8.000000 0.000000 64.000000 0.000000 0.000000 0.000000 0.000000 0.000000 0.000000 2.000000 
1024.000000 8.000000 4.000000 2.000000 1024.000000 2.000000 8.000000 0.000000 64.000000 0.000000 0.000000 0.000000 0.000000 0.000000 0.000000 2.000000 
1
2052
2048.000000 8.000000 4.000000 4.000000 64.000000 2.000000 8.000000 0.000000 0.000000 0.000000 0.000000 0.000000 2.000000 0.000000 0.000000 0.000000 
