512.000000 4.000000 2.000000 0.000000 256.000000 8.000000 2.000000 0.000000 4.000000 0.000000 0.000000 0.000000 0.000000 0.000000 0.000000 0.000000 
1
4
512.000000 4.000000 4.000000 0.000000 256.000000 8.000000 0.000000 0.000000 4.000000 0.000000 0.000000 0.000000 0.000000 2.000000 0.000000 0.000000 
512.000000 4.000000 4.000000 0.000000 256.000000 8.000000 0.000000 0.000000 4.000000 0.000000 0.000000 0.000000 0.000000 2.000000 0.000000 0.000000 
3
8
512.000000 8.000000 0.000000 0.000000 256.000000 8.000000 0.000000 2.000000 4.000000 0.000000 0.000000 0.000000 2.000000 0.000000 0.000000 0.000000 
512.000000 8.000000 0.000000 0.000000 256.000000 8.000000 0.000000 2.000000 4.000000 0.000000 0.000000 0.000000 2.000000 0.000000 0.000000 0.000000 
1
16
512.000000 16.000000 2.000000 2.000000 256.000000 0.000000 0.000000 0.000000 4.000000 0.000000 0.000000 0.000000 2.000000 0.000000 0.000000 0.000000 
512.000000 16.000000 2.000000 2.000000 256.000000 0.000000 0.000000 0.000000 4.000000 0.000000 0.000000 0.000000 2.000000 0.000000 0.000000 0.000000 
3
4
512.000000 16.000000 4.000000 0.000000 256.000000 0.000000 0.000000 0.000000 4.000000 2.000000 0.000000 0.000000 2.000000 0.000000 0.000000 0.000000 
512.000000 16.000000 4.000000 0.000000 256.000000 0.000000 0.000000 0.000000 4.000000 2.000000 0.000000 0.000000 2.000000 0.000000 0.000000 0.000000 
2
0
512.000000 0.000000 0.000000 0.000000 256.000000 0.000000 0.000000 0.000000 4.000000 16.000000 0.000000 0.000000 2.000000 2.000000 4.000000 2.000000 
512.000000 0.000000 0.000000 0.000000 256.000000 0.000000 0.000000 0.000000 4.000000 16.000000 0.000000 0.000000 2.000000 2.000000 4.000000 2.000000 
3
4
512.000000 2.000000 0.000000 0.000000 256.000000 0.000000 0.000000 0.000000 4.000000 16.000000 0.000000 0.000000 4.000000 4.000000 2.000000 0.000000 
512.000000 2.000000 0.000000 0.000000 256.000000 0.000000 0.000000 0.000000 4.000000 16.000000 0.000000 0.000000 4.000000 4.000000 2.000000 0.000000 
1
8
512.000000 2.000000 2.000000 0.000000 256.000000 16.000000 0.000000 0.000000 8.000000 4.000000 0.000000 0.000000 0.000000 2.000000 0.000000 0.000000 
512.000000 2.000000 2.000000 0.000000 256.000000 16.000000 0.000000 0.000000 8.000000 4.000000 0.000000 0.000000 0.000000 2.000000 0.000000 0.000000 
3
4
512.000000 4.000000 2.000000 0.000000 256.000000 16.000000 0.000000 0.000000 8.000000 4.000000 0.000000 0.000000 2.000000 0.000000 0.000000 0.000000 
512.000000 4.000000 2.000000 0.000000 256.000000 16.000000 0.000000 0.000000 8.000000 4.000000 0.000000 0.000000 2.000000 0.000000 0.000000 0.000000 
2
0
512.000000 0.000000 0.000000 0.000000 256.000000 4.000000 0.000000 0.000000 8.000000 16.000000 0.000000 0.000000 2.000000 4.000000 2.000000 2.000000 
512.000000 0.000000 0.000000 0.000000 256.000000 4.000000 0.000000 0.000000 8.000000 16.000000 0.000000 0.000000 2.000000 4.000000 2.000000 2.000000 
3
4
512.000000 4.000000 0.000000 0.000000 256.000000 4.000000 0.000000 0.000000 8.000000 16.000000 0.000000 0.000000 2.000000 4.000000 4.000000 0.000000 
512.000000 4.000000 0.000000 0.000000 256.000000 4.000000 0.000000 0.000000 8.000000 16.000000 0.000000 0.000000 2.000000 4.000000 4.000000 0.000000 
3
8
512.000000 4.000000 0.000000 0.000000 256.000000 4.000000 0.000000 0.000000 8.000000 16.000000 0.000000 0.000000 2.000000 8.000000 0.000000 2.000000 
512.000000 4.000000 0.000000 0.000000 256.000000 4.000000 0.000000 0.000000 8.000000 16.000000 0.000000 0.000000 2.000000 8.000000 0.000000 2.000000 
1
8
512.000000 8.000000 0.000000 2.000000 256.000000 16.000000 0.000000 0.000000 8.000000 8.000000 0.000000 0.000000 2.000000 2.000000 0.000000 0.000000 
512.000000 8.000000 0.000000 2.000000 256.000000 16.000000 0.000000 0.000000 8.000000 8.000000 0.000000 0.000000 2.000000 2.000000 0.000000 0.000000 
3
20
512.000000 8.000000 2.000000 0.000000 256.000000 16.000000 0.000000 0.000000 16.000000 0.000000 2.000000 0.000000 4.000000 0.000000 0.000000 0.000000 
512.000000 8.000000 2.000000 0.000000 256.000000 16.000000 0.000000 0.000000 16.000000 0.000000 2.000000 0.000000 4.000000 0.000000 0.000000 0.000000 
3
0
512.000000 8.000000 2.000000 0.000000 256.000000 16.000000 0.000000 0.000000 16.000000 2.000000 2.000000 0.000000 4.000000 0.000000 0.000000 0.000000 
512.000000 8.000000 2.000000 0.000000 256.000000 16.000000 0.000000 0.000000 16.000000 2.000000 2.000000 0.000000 4.000000 0.000000 0.000000 0.000000 
2
4
512.000000 2.000000 0.000000 0.000000 256.000000 8.000000 0.000000 0.000000 16.000000 16.000000 0.000000 0.000000 4.000000 2.000000 4.000000 0.000000 
512.000000 2.000000 0.000000 0.000000 256.000000 8.000000 0.000000 0.000000 16.000000 16.000000 0.000000 0.000000 4.000000 2.000000 4.000000 0.000000 
3
32
512.000000 2.000000 0.000000 2.000000 256.000000 8.000000 0.000000 0.000000 32.000000 0.000000 0.000000 0.000000 4.000000 2.000000 4.000000 0.000000 
512.000000 2.000000 0.000000 2.000000 256.000000 8.000000 0.000000 0.000000 32.000000 0.000000 0.000000 0.000000 4.000000 2.000000 4.000000 0.000000 
2
0
512.000000 2.000000 0.000000 0.000000 256.000000 2.000000 0.000000 0.000000 32.000000 8.000000 0.000000 0.000000 4.000000 2.000000 4.000000 2.000000 
512.000000 2.000000 0.000000 0.000000 256.000000 2.000000 0.000000 0.000000 32.000000 8.000000 0.000000 0.000000 4.000000 2.000000 4.000000 2.000000 
2
4
512.000000 0.000000 2.000000 0.000000 256.000000 4.000000 0.000000 0.000000 32.000000 8.000000 0.000000 0.000000 4.000000 2.000000 4.000000 2.000000 
512.000000 0.000000 2.000000 0.000000 256.000000 4.000000 0.000000 0.000000 32.000000 8.000000 0.000000 0.000000 4.000000 2.000000 4.000000 2.000000 
1
0
512.000000 4.000000 2.000000 2.000000 256.000000 8.000000 4.000000 0.000000 32.000000 2.000000 2.000000 0.000000 4.000000 0.000000 0.000000 0.000000 
512.000000 4.000000 2.000000 2.000000 256.000000 8.000000 4.000000 0.000000 32.000000 2.000000 2.000000 0.000000 4.000000 0.000000 0.000000 0.000000 
3
8
512.000000 4.000000 4.000000 2.000000 256.000000 8.000000 4.000000 0.000000 32.000000 4.000000 0.000000 0.000000 4.000000 0.000000 0.000000 0.000000 
512.000000 4.000000 4.000000 2.000000 256.000000 8.000000 4.000000 0.000000 32.000000 4.000000 0.000000 0.000000 4.000000 0.000000 0.000000 0.000000 
2
8
512.000000 0.000000 0.000000 0.000000 256.000000 4.000000 0.000000 0.000000 32.000000 8.000000 0.000000 2.000000 4.000000 4.000000 8.000000 2.000000 
512.000000 0.000000 0.000000 0.000000 256.000000 4.000000 0.000000 0.000000 32.000000 8.000000 0.000000 2.000000 4.000000 4.000000 8.000000 2.000000 
3
8
512.000000 2.000000 0.000000 0.000000 256.000000 4.000000 0.000000 0.000000 32.000000 8.000000 2.000000 0.000000 8.000000 8.000000 2.000000 0.000000 
512.000000 2.000000 0.000000 0.000000 256.000000 4.000000 0.000000 0.000000 32.000000 8.000000 2.000000 0.000000 8.000000 8.000000 2.000000 0.000000 
3
16
512.000000 2.000000 0.000000 0.000000 256.000000 4.000000 2.000000 0.000000 32.000000 8.000000 2.000000 0.000000 16.000000 2.000000 0.000000 0.000000 
512.000000 2.000000 0.000000 0.000000 256.000000 4.000000 2.000000 0.000000 32.000000 8.000000 2.000000 0.000000 16.000000 2.000000 0.000000 0.000000 
2
4
512.000000 2.000000 0.000000 0.000000 256.000000 4.000000 0.000000 0.000000 32.000000 8.000000 2.000000 0.000000 16.000000 2.000000 4.000000 0.000000 
512.000000 2.000000 0.000000 0.000000 256.000000 4.000000 0.000000 0.000000 32.000000 8.000000 2.000000 0.000000 16.000000 2.000000 4.000000 0.000000 
1
0
512.000000 2.000000 2.000000 2.000000 256.000000 4.000000 4.000000 0.000000 32.000000 8.000000 0.000000 0.000000 16.000000 2.000000 0.000000 0.000000 
512.000000 2.000000 2.000000 2.000000 256.000000 4.000000 4.000000 0.000000 32.000000 8.000000 0.000000 0.000000 16.000000 2.000000 0.000000 0.000000 
3
12
512.000000 4.000000 2.000000 0.000000 256.000000 8.000000 0.000000 2.000000 32.000000 8.000000 0.000000 0.000000 16.000000 2.000000 0.000000 0.000000 
512.000000 4.000000 2.000000 0.000000 256.000000 8.000000 0.000000 2.000000 32.000000 8.000000 0.000000 0.000000 16.000000 2.000000 0.000000 0.000000 
2
16
512.000000 2.000000 0.000000 0.000000 256.000000 4.000000 0.000000 0.000000 32.000000 16.000000 0.000000 0.000000 16.000000 2.000000 2.000000 2.000000 
512.000000 2.000000 0.000000 0.000000 256.000000 4.000000 0.000000 0.000000 32.000000 16.000000 0.000000 0.000000 16.000000 2.000000 2.000000 2.000000 
3
4
512.000000 2.000000 2.000000 0.000000 256.000000 4.000000 0.000000 0.000000 32.000000 16.000000 0.000000 0.000000 16.000000 4.000000 2.000000 0.000000 
512.000000 2.000000 2.000000 0.000000 256.000000 4.000000 0.000000 0.000000 32.000000 16.000000 0.000000 0.000000 16.000000 4.000000 2.000000 0.000000 
2
4
512.000000 2.000000 0.000000 0.000000 256.000000 4.000000 4.000000 0.000000 32.000000 16.000000 0.000000 0.000000 16.000000 4.000000 4.000000 0.000000 
512.000000 2.000000 0.000000 0.000000 256.000000 4.000000 4.000000 0.000000 32.000000 16.000000 0.000000 0.000000 16.000000 4.000000 4.000000 0.000000 
3
16
512.000000 2.000000 0.000000 0.000000 256.000000 8.000000 2.000000 0.000000 32.000000 16.000000 0.000000 0.000000 16.000000 8.000000 0.000000 0.000000 
512.000000 2.000000 0.000000 0.000000 256.000000 8.000000 2.000000 0.000000 32.000000 16.000000 0.000000 0.000000 16.000000 8.000000 0.000000 0.000000 
2
0
512.000000 2.000000 0.000000 0.000000 256.000000 8.000000 0.000000 0.000000 32.000000 16.000000 0.000000 2.000000 16.000000 8.000000 2.000000 0.000000 
512.000000 2.000000 0.000000 0.000000 256.000000 8.000000 0.000000 0.000000 32.000000 16.000000 0.000000 2.000000 16.000000 8.000000 2.000000 0.000000 
2
0
512.000000 2.000000 0.000000 0.000000 256.000000 8.000000 0.000000 2.000000 32.000000 16.000000 0.000000 0.000000 16.000000 8.000000 2.000000 2.000000 
512.000000 2.000000 0.000000 0.000000 256.000000 8.000000 0.000000 2.000000 32.000000 16.000000 0.000000 0.000000 16.000000 8.000000 2.000000 2.000000 
3
4
512.000000 2.000000 0.000000 0.000000 256.000000 8.000000 2.000000 0.000000 32.000000 16.000000 0.000000 0.000000 16.000000 8.000000 4.000000 2.000000 
512.000000 2.000000 0.000000 0.000000 256.000000 8.000000 2.000000 0.000000 32.000000 16.000000 0.000000 0.000000 16.000000 8.000000 4.000000 2.000000 
1
0
512.000000 2.000000 2.000000 2.000000 256.000000 8.000000 4.000000 0.000000 32.000000 16.000000 0.000000 2.000000 16.000000 8.000000 0.000000 0.000000 
512.000000 2.000000 2.000000 2.000000 256.000000 8.000000 4.000000 0.000000 32.000000 16.000000 0.000000 2.000000 16.000000 8.000000 0.000000 0.000000 
3
4
512.000000 4.000000 2.000000 0.000000 256.000000 8.000000 4.000000 0.000000 32.000000 16.000000 2.000000 0.000000 16.000000 8.000000 2.000000 0.000000 
512.000000 4.000000 2.000000 0.000000 256.000000 8.000000 4.000000 0.000000 32.000000 16.000000 2.000000 0.000000 16.000000 8.000000 2.000000 0.000000 
2
4
512.000000 4.000000 0.000000 0.000000 256.000000 8.000000 2.000000 0.000000 32.000000 16.000000 4.000000 2.000000 16.000000 8.000000 4.000000 0.000000 
512.000000 4.000000 0.000000 0.000000 256.000000 8.000000 2.000000 0.000000 32.000000 16.000000 4.000000 2.000000 16.000000 8.000000 4.000000 0.000000 
2
8
512.000000 4.000000 2.000000 0.000000 256.000000 8.000000 0.000000 0.000000 32.000000 16.000000 2.000000 0.000000 16.000000 8.000000 8.000000 2.000000 
512.000000 4.000000 2.000000 0.000000 256.000000 8.000000 0.000000 0.000000 32.000000 16.000000 2.000000 0.000000 16.000000 8.000000 8.000000 2.000000 
3
16
512.000000 4.000000 2.000000 2.000000 256.000000 8.000000 0.000000 0.000000 32.000000 16.000000 2.000000 0.000000 16.000000 16.000000 2.000000 0.000000 
512.000000 4.000000 2.000000 2.000000 256.000000 8.000000 0.000000 0.000000 32.000000 16.000000 2.000000 0.000000 16.000000 16.000000 2.000000 0.000000 
3
36
512.000000 4.000000 4.000000 0.000000 256.000000 8.000000 0.000000 0.000000 32.000000 16.000000 2.000000 0.000000 32.000000 2.000000 0.000000 2.000000 
512.000000 4.000000 4.000000 0.000000 256.000000 8.000000 0.000000 0.000000 32.000000 16.000000 2.000000 0.000000 32.000000 2.000000 0.000000 2.000000 
1
64
512.000000 4.000000 4.000000 2.000000 256.000000 8.000000 2.000000 0.000000 64.000000 16.000000 0.000000 0.000000 0.000000 2.000000 0.000000 2.000000 
512.000000 4.000000 4.000000 2.000000 256.000000 8.000000 2.000000 0.000000 64.000000 16.000000 0.000000 0.000000 0.000000 2.000000 0.000000 2.000000 
3
12
512.000000 8.000000 2.000000 0.000000 256.000000 8.000000 2.000000 0.000000 64.000000 16.000000 0.000000 0.000000 4.000000 0.000000 0.000000 2.000000 
512.000000 8.000000 2.000000 0.000000 256.000000 8.000000 2.000000 0.000000 64.000000 16.000000 0.000000 0.000000 4.000000 0.000000 0.000000 2.000000 
3
0
512.000000 8.000000 2.000000 0.000000 256.000000 8.000000 2.000000 0.000000 64.000000 16.000000 0.000000 2.000000 4.000000 2.000000 0.000000 0.000000 
512.000000 8.000000 2.000000 0.000000 256.000000 8.000000 2.000000 0.000000 64.000000 16.000000 0.000000 2.000000 4.000000 2.000000 0.000000 0.000000 
3
0
512.000000 8.000000 2.000000 0.000000 256.000000 8.000000 2.000000 0.000000 64.000000 16.000000 2.000000 2.000000 4.000000 2.000000 0.000000 0.000000 
512.000000 8.000000 2.000000 0.000000 256.000000 8.000000 2.000000 0.000000 64.000000 16.000000 2.000000 2.000000 4.000000 2.000000 0.000000 0.000000 
1
20
512.000000 16.000000 4.000000 2.000000 256.000000 16.000000 2.000000 0.000000 64.000000 2.000000 0.000000 0.000000 4.000000 4.000000 0.000000 0.000000 
512.000000 16.000000 4.000000 2.000000 256.000000 16.000000 2.000000 0.000000 64.000000 2.000000 0.000000 0.000000 4.000000 4.000000 0.000000 0.000000 
3
8
512.000000 16.000000 4.000000 2.000000 256.000000 16.000000 2.000000 0.000000 64.000000 2.000000 0.000000 0.000000 8.000000 2.000000 0.000000 0.000000 
512.000000 16.000000 4.000000 2.000000 256.000000 16.000000 2.000000 0.000000 64.000000 2.000000 0.000000 0.000000 8.000000 2.000000 0.000000 0.000000 
2
36
512.000000 0.000000 0.000000 0.000000 256.000000 0.000000 2.000000 0.000000 64.000000 32.000000 4.000000 0.000000 8.000000 4.000000 2.000000 2.000000 
512.000000 0.000000 0.000000 0.000000 256.000000 0.000000 2.000000 0.000000 64.000000 32.000000 4.000000 0.000000 8.000000 4.000000 2.000000 2.000000 
3
4
512.000000 0.000000 0.000000 0.000000 256.000000 2.000000 0.000000 2.000000 64.000000 32.000000 4.000000 0.000000 8.000000 4.000000 4.000000 0.000000 
512.000000 0.000000 0.000000 0.000000 256.000000 2.000000 0.000000 2.000000 64.000000 32.000000 4.000000 0.000000 8.000000 4.000000 4.000000 0.000000 
3
12
512.000000 2.000000 0.000000 0.000000 256.000000 4.000000 0.000000 0.000000 64.000000 32.000000 4.000000 0.000000 8.000000 8.000000 0.000000 0.000000 
512.000000 2.000000 0.000000 0.000000 256.000000 4.000000 0.000000 0.000000 64.000000 32.000000 4.000000 0.000000 8.000000 8.000000 0.000000 0.000000 
3
16
512.000000 2.000000 0.000000 0.000000 256.000000 4.000000 0.000000 0.000000 64.000000 32.000000 4.000000 2.000000 16.000000 0.000000 0.000000 0.000000 
512.000000 2.000000 0.000000 0.000000 256.000000 4.000000 0.000000 0.000000 64.000000 32.000000 4.000000 2.000000 16.000000 0.000000 0.000000 0.000000 
1
0
512.000000 2.000000 4.000000 2.000000 256.000000 4.000000 0.000000 0.000000 64.000000 32.000000 0.000000 0.000000 16.000000 2.000000 0.000000 0.000000 
512.000000 2.000000 4.000000 2.000000 256.000000 4.000000 0.000000 0.000000 64.000000 32.000000 0.000000 0.000000 16.000000 2.000000 0.000000 0.000000 
2
0
512.000000 2.000000 0.000000 0.000000 256.000000 4.000000 0.000000 2.000000 64.000000 32.000000 0.000000 0.000000 16.000000 2.000000 4.000000 2.000000 
512.000000 2.000000 0.000000 0.000000 256.000000 4.000000 0.000000 2.000000 64.000000 32.000000 0.000000 0.000000 16.000000 2.000000 4.000000 2.000000 
2
4
512.000000 2.000000 0.000000 0.000000 256.000000 4.000000 0.000000 0.000000 64.000000 32.000000 0.000000 4.000000 16.000000 2.000000 4.000000 4.000000 
512.000000 2.000000 0.000000 0.000000 256.000000 4.000000 0.000000 0.000000 64.000000 32.000000 0.000000 4.000000 16.000000 2.000000 4.000000 4.000000 
3
8
512.000000 2.000000 0.000000 0.000000 256.000000 4.000000 0.000000 0.000000 64.000000 32.000000 4.000000 0.000000 16.000000 2.000000 8.000000 2.000000 
512.000000 2.000000 0.000000 0.000000 256.000000 4.000000 0.000000 0.000000 64.000000 32.000000 4.000000 0.000000 16.000000 2.000000 8.000000 2.000000 
1
0
512.000000 2.000000 4.000000 2.000000 256.000000 4.000000 8.000000 0.000000 64.000000 32.000000 0.000000 2.000000 16.000000 2.000000 0.000000 0.000000 
512.000000 2.000000 4.000000 2.000000 256.000000 4.000000 8.000000 0.000000 64.000000 32.000000 0.000000 2.000000 16.000000 2.000000 0.000000 0.000000 
3
0
512.000000 2.000000 4.000000 2.000000 256.000000 4.000000 8.000000 0.000000 64.000000 32.000000 2.000000 0.000000 16.000000 2.000000 2.000000 0.000000 
512.000000 2.000000 4.000000 2.000000 256.000000 4.000000 8.000000 0.000000 64.000000 32.000000 2.000000 0.000000 16.000000 2.000000 2.000000 0.000000 
3
4
512.000000 2.000000 4.000000 2.000000 256.000000 4.000000 8.000000 0.000000 64.000000 32.000000 2.000000 2.000000 16.000000 4.000000 0.000000 0.000000 
512.000000 2.000000 4.000000 2.000000 256.000000 4.000000 8.000000 0.000000 64.000000 32.000000 2.000000 2.000000 16.000000 4.000000 0.000000 0.000000 
2
4
512.000000 2.000000 0.000000 2.000000 256.000000 4.000000 4.000000 0.000000 64.000000 32.000000 8.000000 0.000000 16.000000 4.000000 2.000000 4.000000 
512.000000 2.000000 0.000000 2.000000 256.000000 4.000000 4.000000 0.000000 64.000000 32.000000 8.000000 0.000000 16.000000 4.000000 2.000000 4.000000 
3
12
512.000000 4.000000 2.000000 0.000000 256.000000 8.000000 0.000000 0.000000 64.000000 32.000000 8.000000 0.000000 16.000000 4.000000 2.000000 4.000000 
512.000000 4.000000 2.000000 0.000000 256.000000 8.000000 0.000000 0.000000 64.000000 32.000000 8.000000 0.000000 16.000000 4.000000 2.000000 4.000000 
1
0
512.000000 4.000000 2.000000 4.000000 256.000000 8.000000 8.000000 0.000000 64.000000 32.000000 2.000000 0.000000 16.000000 4.000000 2.000000 0.000000 
512.000000 4.000000 2.000000 4.000000 256.000000 8.000000 8.000000 0.000000 64.000000 32.000000 2.000000 0.000000 16.000000 4.000000 2.000000 0.000000 
2
4
512.000000 4.000000 4.000000 0.000000 256.000000 8.000000 2.000000 0.000000 64.000000 32.000000 8.000000 0.000000 16.000000 4.000000 4.000000 4.000000 
512.000000 4.000000 4.000000 0.000000 256.000000 8.000000 2.000000 0.000000 64.000000 32.000000 8.000000 0.000000 16.000000 4.000000 4.000000 4.000000 
3
16
512.000000 8.000000 2.000000 0.000000 256.000000 8.000000 2.000000 0.000000 64.000000 32.000000 8.000000 0.000000 16.000000 8.000000 4.000000 0.000000 
512.000000 8.000000 2.000000 0.000000 256.000000 8.000000 2.000000 0.000000 64.000000 32.000000 8.000000 0.000000 16.000000 8.000000 4.000000 0.000000 
1
20
512.000000 16.000000 4.000000 2.000000 256.000000 32.000000 8.000000 0.000000 64.000000 8.000000 4.000000 0.000000 16.000000 0.000000 0.000000 0.000000 
512.000000 16.000000 4.000000 2.000000 256.000000 32.000000 8.000000 0.000000 64.000000 8.000000 4.000000 0.000000 16.000000 0.000000 0.000000 0.000000 
2
0
512.000000 2.000000 0.000000 0.000000 256.000000 16.000000 4.000000 0.000000 64.000000 32.000000 8.000000 0.000000 16.000000 8.000000 4.000000 2.000000 
512.000000 2.000000 0.000000 0.000000 256.000000 16.000000 4.000000 0.000000 64.000000 32.000000 8.000000 0.000000 16.000000 8.000000 4.000000 2.000000 
1
0
512.000000 2.000000 4.000000 2.000000 256.000000 16.000000 8.000000 0.000000 64.000000 32.000000 4.000000 2.000000 16.000000 8.000000 0.000000 0.000000 
512.000000 2.000000 4.000000 2.000000 256.000000 16.000000 8.000000 0.000000 64.000000 32.000000 4.000000 2.000000 16.000000 8.000000 0.000000 0.000000 
2
4
512.000000 2.000000 0.000000 0.000000 256.000000 16.000000 4.000000 2.000000 64.000000 32.000000 8.000000 0.000000 16.000000 8.000000 4.000000 4.000000 
512.000000 2.000000 0.000000 0.000000 256.000000 16.000000 4.000000 2.000000 64.000000 32.000000 8.000000 0.000000 16.000000 8.000000 4.000000 4.000000 
3
8
512.000000 2.000000 0.000000 0.000000 256.000000 16.000000 4.000000 2.000000 64.000000 32.000000 8.000000 2.000000 16.000000 8.000000 8.000000 0.000000 
512.000000 2.000000 0.000000 0.000000 256.000000 16.000000 4.000000 2.000000 64.000000 32.000000 8.000000 2.000000 16.000000 8.000000 8.000000 0.000000 
3
16
512.000000 2.000000 0.000000 0.000000 256.000000 16.000000 4.000000 2.000000 64.000000 32.000000 8.000000 2.000000 16.000000 16.000000 4.000000 0.000000 
512.000000 2.000000 0.000000 0.000000 256.000000 16.000000 4.000000 2.000000 64.000000 32.000000 8.000000 2.000000 16.000000 16.000000 4.000000 0.000000 
3
32
512.000000 2.000000 0.000000 0.000000 256.000000 16.000000 4.000000 2.000000 64.000000 32.000000 8.000000 2.000000 32.000000 4.000000 0.000000 2.000000 
512.000000 2.000000 0.000000 0.000000 256.000000 16.000000 4.000000 2.000000 64.000000 32.000000 8.000000 2.000000 32.000000 4.000000 0.000000 2.000000 
2
4
512.000000 2.000000 0.000000 0.000000 256.000000 16.000000 0.000000 2.000000 64.000000 32.000000 4.000000 2.000000 32.000000 4.000000 8.000000 4.000000 
512.000000 2.000000 0.000000 0.000000 256.000000 16.000000 0.000000 2.000000 64.000000 32.000000 4.000000 2.000000 32.000000 4.000000 8.000000 4.000000 
3
0
512.000000 2.000000 2.000000 0.000000 256.000000 16.000000 2.000000 0.000000 64.000000 32.000000 4.000000 2.000000 32.000000 4.000000 8.000000 4.000000 
512.000000 2.000000 2.000000 0.000000 256.000000 16.000000 2.000000 0.000000 64.000000 32.000000 4.000000 2.000000 32.000000 4.000000 8.000000 4.000000 
1
4
512.000000 2.000000 4.000000 2.000000 256.000000 16.000000 4.000000 4.000000 64.000000 32.000000 8.000000 0.000000 32.000000 4.000000 0.000000 2.000000 
512.000000 2.000000 4.000000 2.000000 256.000000 16.000000 4.000000 4.000000 64.000000 32.000000 8.000000 0.000000 32.000000 4.000000 0.000000 2.000000 
1
8
512.000000 2.000000 8.000000 2.000000 256.000000 16.000000 8.000000 4.000000 64.000000 32.000000 0.000000 2.000000 32.000000 4.000000 0.000000 2.000000 
512.000000 2.000000 8.000000 2.000000 256.000000 16.000000 8.000000 4.000000 64.000000 32.000000 0.000000 2.000000 32.000000 4.000000 0.000000 2.000000 
1
20
512.000000 2.000000 16.000000 2.000000 256.000000 16.000000 2.000000 4.000000 64.000000 32.000000 0.000000 4.000000 32.000000 4.000000 0.000000 0.000000 
512.000000 2.000000 16.000000 2.000000 256.000000 16.000000 2.000000 4.000000 64.000000 32.000000 0.000000 4.000000 32.000000 4.000000 0.000000 0.000000 
3
0
512.000000 2.000000 16.000000 2.000000 256.000000 16.000000 2.000000 4.000000 64.000000 32.000000 4.000000 0.000000 32.000000 4.000000 0.000000 2.000000 
512.000000 2.000000 16.000000 2.000000 256.000000 16.000000 2.000000 4.000000 64.000000 32.000000 4.000000 0.000000 32.000000 4.000000 0.000000 2.000000 
2
0
512.000000 2.000000 0.000000 2.000000 256.000000 16.000000 16.000000 2.000000 64.000000 32.000000 2.000000 4.000000 32.000000 4.000000 4.000000 2.000000 
512.000000 2.000000 0.000000 2.000000 256.000000 16.000000 16.000000 2.000000 64.000000 32.000000 2.000000 4.000000 32.000000 4.000000 4.000000 2.000000 
3
44
512.000000 4.000000 2.000000 0.000000 256.000000 32.000000 2.000000 0.000000 64.000000 32.000000 2.000000 4.000000 32.000000 8.000000 2.000000 0.000000 
512.000000 4.000000 2.000000 0.000000 256.000000 32.000000 2.000000 0.000000 64.000000 32.000000 2.000000 4.000000 32.000000 8.000000 2.000000 0.000000 
2
72
512.000000 0.000000 0.000000 0.000000 256.000000 4.000000 2.000000 0.000000 64.000000 64.000000 4.000000 0.000000 32.000000 8.000000 4.000000 4.000000 
512.000000 0.000000 0.000000 0.000000 256.000000 4.000000 2.000000 0.000000 64.000000 64.000000 4.000000 0.000000 32.000000 8.000000 4.000000 4.000000 
2
8
512.000000 2.000000 0.000000 0.000000 256.000000 4.000000 0.000000 0.000000 64.000000 64.000000 2.000000 0.000000 32.000000 8.000000 8.000000 4.000000 
512.000000 2.000000 0.000000 0.000000 256.000000 4.000000 0.000000 0.000000 64.000000 64.000000 2.000000 0.000000 32.000000 8.000000 8.000000 4.000000 
3
144
512.000000 2.000000 0.000000 2.000000 256.000000 4.000000 0.000000 0.000000 128.000000 2.000000 0.000000 0.000000 32.000000 16.000000 4.000000 0.000000 
512.000000 2.000000 0.000000 2.000000 256.000000 4.000000 0.000000 0.000000 128.000000 2.000000 0.000000 0.000000 32.000000 16.000000 4.000000 0.000000 
3
4
512.000000 4.000000 0.000000 0.000000 256.000000 4.000000 0.000000 2.000000 128.000000 2.000000 0.000000 0.000000 32.000000 16.000000 4.000000 0.000000 
512.000000 4.000000 0.000000 0.000000 256.000000 4.000000 0.000000 2.000000 128.000000 2.000000 0.000000 0.000000 32.000000 16.000000 4.000000 0.000000 
2
8
512.000000 0.000000 0.000000 0.000000 256.000000 8.000000 0.000000 0.000000 128.000000 2.000000 0.000000 2.000000 32.000000 16.000000 4.000000 2.000000 
512.000000 0.000000 0.000000 0.000000 256.000000 8.000000 0.000000 0.000000 128.000000 2.000000 0.000000 2.000000 32.000000 16.000000 4.000000 2.000000 
2
4
512.000000 0.000000 2.000000 0.000000 256.000000 8.000000 0.000000 0.000000 128.000000 2.000000 0.000000 0.000000 32.000000 16.000000 4.000000 4.000000 
512.000000 0.000000 2.000000 0.000000 256.000000 8.000000 0.000000 0.000000 128.000000 2.000000 0.000000 0.000000 32.000000 16.000000 4.000000 4.000000 
3
8
512.000000 2.000000 2.000000 0.000000 256.000000 8.000000 0.000000 0.000000 128.000000 2.000000 0.000000 0.000000 32.000000 16.000000 8.000000 0.000000 
512.000000 2.000000 2.000000 0.000000 256.000000 8.000000 0.000000 0.000000 128.000000 2.000000 0.000000 0.000000 32.000000 16.000000 8.000000 0.000000 
3
4
512.000000 4.000000 0.000000 4.000000 256.000000 8.000000 0.000000 0.000000 128.000000 2.000000 0.000000 0.000000 32.000000 16.000000 8.000000 0.000000 
512.000000 4.000000 0.000000 4.000000 256.000000 8.000000 0.000000 0.000000 128.000000 2.000000 0.000000 0.000000 32.000000 16.000000 8.000000 0.000000 
3
8
512.000000 8.000000 0.000000 2.000000 256.000000 8.000000 0.000000 0.000000 128.000000 2.000000 0.000000 0.000000 32.000000 16.000000 8.000000 0.000000 
512.000000 8.000000 0.000000 2.000000 256.000000 8.000000 0.000000 0.000000 128.000000 2.000000 0.000000 0.000000 32.000000 16.000000 8.000000 0.000000 
2
16
512.000000 0.000000 0.000000 0.000000 256.000000 16.000000 0.000000 0.000000 128.000000 2.000000 0.000000 2.000000 32.000000 16.000000 8.000000 2.000000 
512.000000 0.000000 0.000000 0.000000 256.000000 16.000000 0.000000 0.000000 128.000000 2.000000 0.000000 2.000000 32.000000 16.000000 8.000000 2.000000 
2
4
512.000000 0.000000 0.000000 0.000000 256.000000 16.000000 0.000000 2.000000 128.000000 2.000000 0.000000 0.000000 32.000000 16.000000 8.000000 4.000000 
512.000000 0.000000 0.000000 0.000000 256.000000 16.000000 0.000000 2.000000 128.000000 2.000000 0.000000 0.000000 32.000000 16.000000 8.000000 4.000000 
3
0
512.000000 0.000000 0.000000 0.000000 256.000000 16.000000 2.000000 0.000000 128.000000 2.000000 2.000000 0.000000 32.000000 16.000000 8.000000 4.000000 
512.000000 0.000000 0.000000 0.000000 256.000000 16.000000 2.000000 0.000000 128.000000 2.000000 2.000000 0.000000 32.000000 16.000000 8.000000 4.000000 
3
4
512.000000 0.000000 0.000000 2.000000 256.000000 16.000000 2.000000 0.000000 128.000000 4.000000 0.000000 0.000000 32.000000 16.000000 8.000000 4.000000 
512.000000 0.000000 0.000000 2.000000 256.000000 16.000000 2.000000 0.000000 128.000000 4.000000 0.000000 0.000000 32.000000 16.000000 8.000000 4.000000 
2
0
512.000000 0.000000 0.000000 0.000000 256.000000 16.000000 2.000000 0.000000 128.000000 4.000000 2.000000 2.000000 32.000000 16.000000 8.000000 4.000000 
512.000000 0.000000 0.000000 0.000000 256.000000 16.000000 2.000000 0.000000 128.000000 4.000000 2.000000 2.000000 32.000000 16.000000 8.000000 4.000000 
3
4
512.000000 2.000000 0.000000 0.000000 256.000000 16.000000 2.000000 0.000000 128.000000 4.000000 4.000000 0.000000 32.000000 16.000000 8.000000 4.000000 
512.000000 2.000000 0.000000 0.000000 256.000000 16.000000 2.000000 0.000000 128.000000 4.000000 4.000000 0.000000 32.000000 16.000000 8.000000 4.000000 
3
8
512.000000 2.000000 0.000000 0.000000 256.000000 16.000000 2.000000 2.000000 128.000000 8.000000 0.000000 0.000000 32.000000 16.000000 8.000000 4.000000 
512.000000 2.000000 0.000000 0.000000 256.000000 16.000000 2.000000 2.000000 128.000000 8.000000 0.000000 0.000000 32.000000 16.000000 8.000000 4.000000 
2
0
512.000000 2.000000 0.000000 0.000000 256.000000 16.000000 0.000000 2.000000 128.000000 8.000000 2.000000 2.000000 32.000000 16.000000 8.000000 4.000000 
512.000000 2.000000 0.000000 0.000000 256.000000 16.000000 0.000000 2.000000 128.000000 8.000000 2.000000 2.000000 32.000000 16.000000 8.000000 4.000000 
3
4
512.000000 2.000000 2.000000 0.000000 256.000000 16.000000 2.000000 0.000000 128.000000 8.000000 4.000000 0.000000 32.000000 16.000000 8.000000 4.000000 
512.000000 2.000000 2.000000 0.000000 256.000000 16.000000 2.000000 0.000000 128.000000 8.000000 4.000000 0.000000 32.000000 16.000000 8.000000 4.000000 
2
4
512.000000 2.000000 0.000000 0.000000 256.000000 16.000000 4.000000 0.000000 128.000000 8.000000 4.000000 4.000000 32.000000 16.000000 8.000000 4.000000 
512.000000 2.000000 0.000000 0.000000 256.000000 16.000000 4.000000 0.000000 128.000000 8.000000 4.000000 4.000000 32.000000 16.000000 8.000000 4.000000 
2
16
512.000000 2.000000 0.000000 0.000000 256.000000 16.000000 0.000000 0.000000 128.000000 8.000000 8.000000 2.000000 32.000000 16.000000 8.000000 8.000000 
512.000000 2.000000 0.000000 0.000000 256.000000 16.000000 0.000000 0.000000 128.000000 8.000000 8.000000 2.000000 32.000000 16.000000 8.000000 8.000000 
3
32
512.000000 2.000000 0.000000 2.000000 256.000000 16.000000 0.000000 0.000000 128.000000 16.000000 2.000000 0.000000 32.000000 16.000000 16.000000 0.000000 
512.000000 2.000000 0.000000 2.000000 256.000000 16.000000 0.000000 0.000000 128.000000 16.000000 2.000000 0.000000 32.000000 16.000000 16.000000 0.000000 
2
32
512.000000 0.000000 0.000000 0.000000 256.000000 2.000000 2.000000 0.000000 128.000000 16.000000 2.000000 0.000000 32.000000 32.000000 16.000000 2.000000 
512.000000 0.000000 0.000000 0.000000 256.000000 2.000000 2.000000 0.000000 128.000000 16.000000 2.000000 0.000000 32.000000 32.000000 16.000000 2.000000 
3
68
512.000000 0.000000 0.000000 2.000000 256.000000 4.000000 0.000000 0.000000 128.000000 16.000000 2.000000 0.000000 64.000000 16.000000 2.000000 0.000000 
512.000000 0.000000 0.000000 2.000000 256.000000 4.000000 0.000000 0.000000 128.000000 16.000000 2.000000 0.000000 64.000000 16.000000 2.000000 0.000000 
2
36
512.000000 0.000000 0.000000 0.000000 256.000000 0.000000 0.000000 0.000000 128.000000 4.000000 0.000000 2.000000 64.000000 32.000000 4.000000 2.000000 
512.000000 0.000000 0.000000 0.000000 256.000000 0.000000 0.000000 0.000000 128.000000 4.000000 0.000000 2.000000 64.000000 32.000000 4.000000 2.000000 
2
4
512.000000 0.000000 0.000000 0.000000 256.000000 0.000000 2.000000 0.000000 128.000000 4.000000 0.000000 0.000000 64.000000 32.000000 4.000000 4.000000 
512.000000 0.000000 0.000000 0.000000 256.000000 0.000000 2.000000 0.000000 128.000000 4.000000 0.000000 0.000000 64.000000 32.000000 4.000000 4.000000 
3
8
512.000000 0.000000 0.000000 4.000000 256.000000 2.000000 0.000000 0.000000 128.000000 4.000000 0.000000 0.000000 64.000000 32.000000 8.000000 0.000000 
512.000000 0.000000 0.000000 4.000000 256.000000 2.000000 0.000000 0.000000 128.000000 4.000000 0.000000 0.000000 64.000000 32.000000 8.000000 0.000000 
2
0
512.000000 0.000000 0.000000 0.000000 256.000000 2.000000 0.000000 2.000000 128.000000 4.000000 0.000000 0.000000 64.000000 32.000000 8.000000 4.000000 
512.000000 0.000000 0.000000 0.000000 256.000000 2.000000 0.000000 2.000000 128.000000 4.000000 0.000000 0.000000 64.000000 32.000000 8.000000 4.000000 
2
0
512.000000 0.000000 2.000000 0.000000 256.000000 2.000000 0.000000 0.000000 128.000000 4.000000 0.000000 2.000000 64.000000 32.000000 8.000000 4.000000 
512.000000 0.000000 2.000000 0.000000 256.000000 2.000000 0.000000 0.000000 128.000000 4.000000 0.000000 2.000000 64.000000 32.000000 8.000000 4.000000 
3
0
512.000000 2.000000 0.000000 0.000000 256.000000 2.000000 0.000000 0.000000 128.000000 4.000000 2.000000 2.000000 64.000000 32.000000 8.000000 4.000000 
512.000000 2.000000 0.000000 0.000000 256.000000 2.000000 0.000000 0.000000 128.000000 4.000000 2.000000 2.000000 64.000000 32.000000 8.000000 4.000000 
3
4
512.000000 2.000000 0.000000 0.000000 256.000000 2.000000 0.000000 2.000000 128.000000 4.000000 4.000000 0.000000 64.000000 32.000000 8.000000 4.000000 
512.000000 2.000000 0.000000 0.000000 256.000000 2.000000 0.000000 2.000000 128.000000 4.000000 4.000000 0.000000 64.000000 32.000000 8.000000 4.000000 
3
12
512.000000 2.000000 0.000000 0.000000 256.000000 4.000000 0.000000 0.000000 128.000000 8.000000 0.000000 2.000000 64.000000 32.000000 8.000000 4.000000 
512.000000 2.000000 0.000000 0.000000 256.000000 4.000000 0.000000 0.000000 128.000000 8.000000 0.000000 2.000000 64.000000 32.000000 8.000000 4.000000 
3
0
512.000000 2.000000 0.000000 0.000000 256.000000 4.000000 2.000000 0.000000 128.000000 8.000000 2.000000 0.000000 64.000000 32.000000 8.000000 4.000000 
512.000000 2.000000 0.000000 0.000000 256.000000 4.000000 2.000000 0.000000 128.000000 8.000000 2.000000 0.000000 64.000000 32.000000 8.000000 4.000000 
2
4
512.000000 2.000000 0.000000 0.000000 256.000000 4.000000 0.000000 2.000000 128.000000 8.000000 4.000000 0.000000 64.000000 32.000000 8.000000 4.000000 
512.000000 2.000000 0.000000 0.000000 256.000000 4.000000 0.000000 2.000000 128.000000 8.000000 4.000000 0.000000 64.000000 32.000000 8.000000 4.000000 
3
0
512.000000 2.000000 0.000000 2.000000 256.000000 4.000000 2.000000 0.000000 128.000000 8.000000 4.000000 0.000000 64.000000 32.000000 8.000000 4.000000 
512.000000 2.000000 0.000000 2.000000 256.000000 4.000000 2.000000 0.000000 128.000000 8.000000 4.000000 0.000000 64.000000 32.000000 8.000000 4.000000 
1
0
512.000000 2.000000 2.000000 2.000000 256.000000 4.000000 4.000000 4.000000 128.000000 8.000000 8.000000 0.000000 64.000000 32.000000 4.000000 0.000000 
512.000000 2.000000 2.000000 2.000000 256.000000 4.000000 4.000000 4.000000 128.000000 8.000000 8.000000 0.000000 64.000000 32.000000 4.000000 0.000000 
3
28
512.000000 4.000000 2.000000 2.000000 256.000000 8.000000 4.000000 0.000000 128.000000 16.000000 0.000000 0.000000 64.000000 32.000000 4.000000 0.000000 
512.000000 4.000000 2.000000 2.000000 256.000000 8.000000 4.000000 0.000000 128.000000 16.000000 0.000000 0.000000 64.000000 32.000000 4.000000 0.000000 
3
4
512.000000 4.000000 4.000000 0.000000 256.000000 8.000000 4.000000 0.000000 128.000000 16.000000 2.000000 0.000000 64.000000 32.000000 4.000000 0.000000 
512.000000 4.000000 4.000000 0.000000 256.000000 8.000000 4.000000 0.000000 128.000000 16.000000 2.000000 0.000000 64.000000 32.000000 4.000000 0.000000 
3
8
512.000000 8.000000 0.000000 0.000000 256.000000 8.000000 4.000000 0.000000 128.000000 16.000000 2.000000 0.000000 64.000000 32.000000 4.000000 2.000000 
512.000000 8.000000 0.000000 0.000000 256.000000 8.000000 4.000000 0.000000 128.000000 16.000000 2.000000 0.000000 64.000000 32.000000 4.000000 2.000000 
2
16
512.000000 0.000000 2.000000 0.000000 256.000000 16.000000 4.000000 0.000000 128.000000 16.000000 2.000000 0.000000 64.000000 32.000000 4.000000 2.000000 
512.000000 0.000000 2.000000 0.000000 256.000000 16.000000 4.000000 0.000000 128.000000 16.000000 2.000000 0.000000 64.000000 32.000000 4.000000 2.000000 
2
32
512.000000 0.000000 2.000000 0.000000 256.000000 2.000000 4.000000 0.000000 128.000000 32.000000 2.000000 0.000000 64.000000 32.000000 4.000000 2.000000 
512.000000 0.000000 2.000000 0.000000 256.000000 2.000000 4.000000 0.000000 128.000000 32.000000 2.000000 0.000000 64.000000 32.000000 4.000000 2.000000 
2
64
512.000000 0.000000 2.000000 0.000000 256.000000 0.000000 4.000000 0.000000 128.000000 2.000000 2.000000 2.000000 64.000000 64.000000 4.000000 2.000000 
512.000000 0.000000 2.000000 0.000000 256.000000 0.000000 4.000000 0.000000 128.000000 2.000000 2.000000 2.000000 64.000000 64.000000 4.000000 2.000000 
3
132
512.000000 2.000000 0.000000 0.000000 256.000000 4.000000 0.000000 0.000000 128.000000 4.000000 2.000000 0.000000 128.000000 4.000000 2.000000 2.000000 
512.000000 2.000000 0.000000 0.000000 256.000000 4.000000 0.000000 0.000000 128.000000 4.000000 2.000000 0.000000 128.000000 4.000000 2.000000 2.000000 
1
268
512.000000 2.000000 4.000000 2.000000 256.000000 8.000000 0.000000 0.000000 256.000000 4.000000 0.000000 0.000000 0.000000 0.000000 0.000000 2.000000 
512.000000 2.000000 4.000000 2.000000 256.000000 8.000000 0.000000 0.000000 256.000000 4.000000 0.000000 0.000000 0.000000 0.000000 0.000000 2.000000 
1
516
512.000000 2.000000 4.000000 4.000000 512.000000 8.000000 0.000000 2.000000 0.000000 4.000000 0.000000 0.000000 0.000000 0.000000 0.000000 0.000000 
512.000000 2.000000 4.000000 4.000000 512.000000 8.000000 0.000000 2.000000 0.000000 4.000000 0.000000 0.000000 0.000000 0.000000 0.000000 0.000000 
1
1024
1024.000000 2.000000 4.000000 4.000000 0.000000 8.000000 0.000000 2.000000 0.000000 4.000000 0.000000 0.000000 2.000000 0.000000 0.000000 0.000000 
